160
80
80
-0 4 -4 9 10 3 -7 -0 -9 5 8 2 -2 -4 1 5 -9 10 -2 3 7 7 -4 4 -1 -3 6 6 7 7 3 -3 3 -9 -3 3 5 1 -5 8 -4 -7 2 6 -0 -7 3 3 -6 -9 -2 -7 -10 4 8 -0 -9 6 -3 -10 3 -8 -3 -2 -7 7 -7 -10 -2 -1 9 6 5 3 2 -4 6 -5 -9 -8 
22 1 156 -31 187 -175 68 -167 -129 16 -48 -72 -175 -123 -35 57 -41 107 -63 -53 -41 -164 -70 21 52 -78 88 68 -83 116 93 140 -156 -24 -164 -170 -71 105 192 -72 -153 -56 56 -127 22 149 58 109 -17 196 -145 70 159 -87 -109 11 -37 180 -194 81 23 27 -52 -5 130 -15 -47 -141 -184 -55 -13 -136 90 171 -135 -89 47 124 148 -170 
-1 -0 -4 -0 -4 -4 -9 -0 -8 1 2 8 4 -9 -4 8 9 2 10 -1 -9 9 -5 9 1 10 -3 -1 -5 -1 4 7 -10 -10 -2 -3 -1 2 9 4 -7 1 2 8 3 -10 7 4 3 7 -7 7 6 -2 8 -1 -2 -6 -10 5 4 5 4 5 8 -8 -7 -1 5 -6 -7 -10 6 6 8 1 9 5 -5 4 
46 131 101 5 -156 120 144 8 27 78 -184 178 -96 -108 -27 162 4 126 -179 21 -129 -64 13 88 -166 79 127 82 -70 75 40 177 5 -132 -18 50 189 -147 185 -57 131 129 -79 163 -180 94 125 25 20 74 -154 19 -191 60 -93 -156 -134 -166 53 -3 109 -107 -27 -159 -112 83 19 -123 63 4 -53 -6 -68 69 -116 -47 -110 -191 106 38 
13 0 0 0 19 12 13 0 0 4 0 13 0 15 6 0 0 12 1 0 -1 19 0 0 17 0 3 0 5 20 14 0 0 0 0 8 4 1 20 -1 0 9 0 0 14 3 5 0 0 0 0 1 0 9 8 0 14 0 0 5 19 0 12 0 0 8 9 17 0 15 0 0 6 0 0 6 0 3 0 0 
0 0 4 0 7 0 0 0 0 0 0 8 12 12 0 0 5 0 0 0 0 13 9 4 0 8 0 0 0 7 0 0 0 0 1 0 -1 16 12 4 15 9 0 0 0 0 0 15 6 8 0 6 12 17 14 12 0 5 18 2 0 11 2 0 0 0 0 6 15 0 13 0 9 4 2 0 0 5 13 0 
0 9 7 0 0 17 0 0 11 -1 0 0 7 -1 0 13 0 2 0 9 20 6 0 0 7 0 1 0 12 2 0 8 0 0 7 12 0 0 0 0 0 6 0 0 0 12 16 5 0 14 4 10 5 11 16 20 0 14 0 4 0 18 0 0 7 0 0 20 10 0 9 0 19 12 3 0 4 0 20 0 
17 0 12 12 1 16 0 9 7 -1 6 0 0 8 1 0 16 0 0 0 8 20 5 9 0 0 0 0 0 20 0 1 14 0 0 10 0 0 18 0 0 4 0 13 0 0 13 14 0 0 0 20 16 13 11 1 20 11 0 0 4 0 0 0 0 2 0 0 7 0 9 0 0 -1 17 0 11 4 0 10 
15 7 0 3 0 0 6 9 0 0 16 0 18 0 12 0 0 7 0 0 10 0 0 0 6 0 16 0 3 2 0 0 6 -1 0 8 4 0 20 0 0 0 3 14 0 0 0 0 7 0 0 18 0 1 -1 -1 0 9 0 0 0 0 0 0 5 0 10 19 9 0 0 3 0 12 0 0 0 2 0 0 
0 9 0 7 9 0 0 5 0 0 0 2 0 0 1 0 0 16 0 0 14 0 0 0 0 5 1 0 0 0 10 0 0 0 17 13 0 0 0 2 0 0 17 0 0 0 0 0 19 0 0 0 0 1 0 9 0 0 19 0 0 0 0 16 0 16 13 20 0 0 18 0 6 0 0 0 0 0 19 0 
8 0 0 0 3 1 0 0 6 18 0 18 0 0 0 0 0 19 0 0 0 17 7 0 13 0 14 19 0 0 0 9 16 0 18 0 0 0 9 10 0 12 5 4 0 0 0 0 0 0 0 11 0 0 8 0 0 0 0 19 0 0 0 0 15 4 -1 17 14 6 8 0 0 0 2 0 2 18 18 20 
7 17 0 0 0 0 0 0 0 0 13 0 19 20 1 18 19 3 0 0 0 18 17 0 0 14 14 0 0 15 16 0 0 4 9 16 5 6 0 0 14 -1 20 14 3 20 3 0 19 0 12 18 0 0 0 0 14 14 0 19 0 0 0 8 0 0 18 0 0 0 0 0 9 20 0 0 11 16 16 0 
18 0 0 15 0 0 0 0 12 0 0 19 1 1 0 0 19 0 15 0 0 0 0 0 20 0 14 0 0 7 0 8 11 5 6 0 0 1 0 16 0 0 0 17 0 0 0 0 4 6 15 0 0 0 17 0 0 0 0 11 0 0 0 0 0 0 0 4 0 0 14 14 -1 1 0 0 0 19 16 13 
0 0 0 0 8 0 0 12 11 0 1 0 2 18 14 0 0 9 0 16 0 0 0 16 0 13 0 9 14 0 0 13 0 19 0 -1 2 10 15 12 16 0 -1 0 19 17 0 16 8 0 0 -1 0 19 11 0 0 15 12 2 13 16 19 0 -1 0 0 0 2 13 7 0 0 0 5 -1 0 0 5 8 
16 13 10 3 -1 0 0 0 0 7 1 2 0 -1 15 0 0 18 19 0 3 0 4 4 0 0 1 0 0 0 17 5 0 18 0 4 2 0 4 19 0 16 0 20 0 0 0 0 0 0 0 0 2 8 20 0 1 0 0 0 0 4 9 4 0 0 0 17 0 0 -1 7 18 0 18 -1 18 0 0 15 
18 0 0 19 0 19 0 14 0 18 20 0 0 10 0 1 0 0 14 19 0 9 0 0 0 0 5 10 17 0 9 9 0 11 0 1 0 2 0 0 -1 0 9 17 0 0 0 0 0 0 17 0 0 15 0 5 0 5 11 4 17 6 0 0 0 0 2 0 0 1 0 0 -1 3 10 6 0 16 2 0 
-1 0 0 4 11 1 8 0 12 0 0 0 18 9 0 0 1 0 -1 2 0 0 0 0 0 0 0 0 0 0 0 4 0 0 20 0 18 0 0 0 0 14 0 0 0 14 9 -1 14 2 0 0 0 20 0 0 2 0 16 20 16 -1 0 0 12 0 16 16 9 10 20 17 19 0 2 0 0 0 10 0 
0 10 0 0 0 0 0 0 0 0 15 15 0 0 0 13 7 0 0 15 15 0 0 0 0 7 0 19 13 0 13 14 0 0 0 1 19 12 0 0 0 4 0 6 11 0 0 -1 0 0 0 0 0 0 0 12 0 19 0 0 17 14 0 0 13 0 16 0 10 0 0 2 0 0 7 0 5 4 8 7 
3 0 11 0 0 6 0 14 12 0 16 12 0 0 0 0 0 0 0 17 3 0 5 13 7 0 0 0 7 16 0 0 0 0 0 0 0 0 0 0 18 0 10 0 7 0 0 2 15 0 0 10 3 0 12 8 3 0 13 0 2 0 0 18 0 9 12 17 0 1 12 0 0 2 0 0 0 7 0 16 
11 0 0 0 0 0 5 8 12 14 6 0 0 0 14 0 13 5 0 -1 20 0 0 0 0 0 0 16 12 0 2 16 -1 2 0 0 6 0 0 15 0 0 13 -1 0 6 16 0 0 0 0 17 10 9 12 0 15 0 0 11 2 3 0 19 4 0 18 6 16 0 0 18 0 0 5 14 15 10 0 0 
15 0 8 0 17 0 16 0 8 4 5 20 19 2 0 0 0 3 20 8 0 18 0 0 6 0 0 12 5 9 17 15 3 0 0 15 -1 0 -1 19 0 18 0 0 0 0 0 0 0 -1 0 0 0 11 0 11 -1 0 0 0 0 0 0 0 0 1 20 2 0 1 0 0 6 0 12 16 14 1 13 3 
0 9 0 0 0 0 14 5 0 0 17 0 14 0 17 0 11 18 19 0 0 0 0 17 0 0 4 0 0 3 6 0 0 19 0 0 14 0 16 0 20 0 0 0 0 0 17 0 0 0 0 -1 0 17 19 0 10 15 6 0 2 0 0 0 0 18 20 0 11 0 0 15 0 0 3 0 0 10 0 9 
0 16 1 10 0 0 0 20 11 0 13 0 0 12 0 0 0 0 0 11 9 -1 19 2 0 0 12 0 0 0 0 0 0 10 0 10 0 2 0 1 0 0 13 0 18 12 0 17 15 0 18 0 0 8 0 3 16 0 0 0 0 0 16 0 0 0 0 8 17 0 3 1 0 9 13 0 0 5 6 11 
10 0 0 0 17 2 0 0 0 16 10 12 20 0 0 0 10 5 10 0 0 0 0 3 0 0 16 0 0 0 19 11 0 0 18 16 0 0 0 13 0 0 8 0 0 11 0 2 1 0 1 -1 0 0 -1 1 18 0 7 10 0 0 17 0 10 0 3 0 0 0 5 0 0 0 7 2 0 20 0 0 
0 0 14 19 16 19 0 0 8 5 1 0 10 0 12 0 0 12 -1 0 0 0 14 1 4 0 0 0 0 15 0 7 0 0 14 0 0 0 14 0 0 10 0 0 12 6 0 10 12 16 4 0 0 0 20 0 0 0 0 0 10 17 5 13 0 20 4 0 11 15 0 14 14 12 13 0 0 13 0 20 
0 0 7 0 0 12 0 8 18 -1 3 0 0 0 0 0 0 0 0 0 0 0 12 0 0 0 13 0 14 0 0 0 2 0 8 3 5 0 20 0 0 0 12 15 17 0 0 20 11 0 11 19 14 15 0 0 -1 9 13 15 18 0 18 7 1 0 0 20 0 0 -1 5 8 16 14 0 -1 18 17 0 
0 15 7 6 0 0 0 0 0 16 0 8 0 18 18 6 0 20 9 0 4 9 9 0 1 0 0 11 0 16 7 0 14 9 1 4 0 0 19 0 0 16 0 0 12 2 0 5 16 19 3 20 0 0 11 0 14 12 15 10 0 0 0 0 0 17 9 0 14 0 0 0 0 18 0 0 0 0 -1 0 
0 0 0 1 0 6 0 18 0 20 0 0 0 12 0 0 0 0 0 12 0 12 0 0 0 16 0 10 0 0 0 6 0 4 3 0 5 0 0 0 0 0 0 7 0 9 0 0 14 8 9 3 0 12 0 0 0 13 2 10 8 0 0 9 5 13 0 1 0 14 16 0 1 1 0 6 0 0 0 13 
0 9 0 0 0 0 0 0 0 2 1 0 0 20 0 0 14 0 0 0 0 6 0 2 0 0 0 0 0 0 17 0 0 16 5 0 0 0 12 0 20 0 0 6 0 0 13 0 16 0 -1 0 14 6 12 20 10 16 0 0 0 0 10 0 0 0 18 -1 10 0 20 0 0 0 8 0 0 0 13 0 
14 14 -1 12 16 0 0 5 0 2 0 17 0 1 18 0 0 0 0 20 0 18 0 0 19 12 0 9 0 1 6 18 0 12 0 0 5 0 0 0 0 0 0 19 0 6 0 5 0 9 13 1 6 0 2 1 0 0 0 0 14 9 18 7 1 2 20 -1 8 0 0 4 0 17 12 0 10 3 0 0 
0 2 1 0 8 5 0 0 -1 0 -1 3 0 0 0 7 0 0 0 0 12 4 11 0 0 0 0 0 4 0 0 4 1 0 5 12 0 0 11 0 13 0 0 0 1 0 16 0 0 0 2 0 0 0 0 0 -1 8 0 0 0 0 8 0 17 0 0 15 0 -1 0 0 2 0 17 0 2 0 0 0 
1 4 0 4 8 12 19 0 0 0 0 0 0 0 0 2 0 9 4 0 0 0 8 7 8 8 0 0 0 0 20 9 9 0 0 5 10 9 8 15 1 0 0 12 0 0 0 1 15 0 0 0 9 6 0 8 18 15 19 5 9 13 0 0 0 0 9 0 6 13 0 8 9 0 0 18 0 0 0 14 
11 3 0 9 0 9 15 0 8 5 0 5 10 0 0 0 0 0 -1 16 6 16 0 17 0 0 15 0 0 0 0 0 0 0 0 0 0 5 0 12 0 0 19 2 12 0 0 13 0 20 0 0 0 0 0 0 11 0 0 0 0 0 5 0 9 12 0 0 0 0 8 0 0 0 0 2 0 18 0 0 
0 8 -1 7 0 0 0 0 0 0 0 0 0 18 17 0 0 0 0 0 4 0 15 0 0 0 16 20 20 0 0 13 13 18 14 0 15 2 19 6 0 3 0 2 0 11 0 0 11 0 0 10 0 0 1 0 19 1 6 0 17 -1 0 14 0 0 0 12 20 1 0 0 1 0 2 7 17 1 0 19 
0 0 0 10 0 0 0 16 14 0 0 0 3 11 5 0 0 7 -1 0 15 0 3 0 0 0 0 0 0 5 0 0 0 16 7 0 0 0 0 4 4 13 2 0 3 10 4 1 0 10 0 0 0 0 0 0 0 6 17 6 6 0 0 0 20 13 0 2 0 0 0 0 14 19 0 0 0 11 13 0 
12 0 0 0 4 0 4 7 15 20 0 18 16 0 8 7 0 18 0 12 2 0 0 0 0 16 10 2 0 0 0 0 0 0 16 0 0 0 0 0 7 0 0 0 0 19 6 0 0 0 17 6 0 0 5 0 0 -1 0 0 0 10 0 0 0 9 14 10 6 0 0 0 8 16 0 9 0 10 0 18 
3 9 0 12 13 0 3 0 10 3 13 0 15 0 2 0 0 0 19 17 0 8 0 8 0 0 0 10 0 0 0 16 17 13 0 0 16 10 12 0 18 0 0 6 -1 10 0 0 0 5 15 3 13 0 0 3 0 3 19 11 0 0 0 13 3 0 0 7 0 0 -1 0 7 12 6 12 14 0 12 20 
1 0 13 -1 9 0 8 0 16 19 0 0 15 0 20 0 0 0 0 0 19 0 0 0 8 2 14 5 10 0 19 0 12 17 0 16 0 0 2 20 0 13 8 4 0 17 0 0 12 5 7 11 0 8 13 0 0 0 10 1 0 3 0 0 0 16 0 0 0 0 0 7 18 6 0 10 0 10 0 0 
8 0 14 0 0 16 0 0 0 0 2 0 0 13 17 0 18 0 0 0 0 18 0 0 13 4 0 0 0 0 1 8 0 16 15 0 1 0 0 0 4 0 2 0 14 0 4 20 17 0 0 7 20 0 0 10 0 -1 16 16 0 0 0 14 0 1 1 0 0 15 10 1 0 9 0 9 13 1 5 0 
0 0 0 -1 5 14 6 0 0 0 5 0 6 0 13 0 0 0 3 1 0 14 4 0 19 -1 0 8 12 12 0 0 -1 0 4 0 6 0 0 20 19 0 7 0 0 17 12 -1 -1 0 7 17 0 9 0 4 0 0 20 0 10 9 0 8 15 11 0 15 12 12 0 0 0 0 0 0 10 6 20 18 
0 15 0 0 0 0 6 10 0 0 10 -1 19 0 12 0 10 1 0 0 9 1 14 0 0 0 1 0 0 0 0 13 0 9 0 0 12 0 7 0 13 0 0 0 3 0 16 11 0 18 4 0 0 13 0 10 0 0 0 6 0 13 16 0 0 0 0 0 0 8 0 0 1 0 0 0 0 20 0 14 
-1 17 10 6 0 0 0 7 14 0 7 13 6 6 8 8 0 9 7 0 6 3 0 0 0 0 0 11 14 0 0 0 12 0 0 0 0 0 0 0 0 0 7 14 0 19 17 13 0 0 0 10 0 5 10 4 3 0 0 14 0 9 19 2 7 15 0 0 15 0 15 0 0 19 0 0 0 0 0 0 
0 0 4 0 2 0 15 0 0 0 11 11 0 18 20 14 9 0 14 19 2 0 10 20 0 7 3 0 20 10 0 5 0 7 20 0 4 0 15 0 11 14 0 0 0 16 0 1 0 1 4 7 2 0 2 16 0 0 0 15 0 17 0 8 1 0 0 0 6 0 7 10 0 0 2 0 0 18 2 0 
4 0 11 20 0 -1 4 0 0 0 18 0 6 20 0 8 11 15 0 1 9 0 0 0 0 0 0 7 0 20 15 13 11 20 1 7 6 0 0 0 1 2 0 7 1 0 11 13 2 0 0 6 0 0 17 0 0 3 0 18 20 11 0 13 15 0 13 19 0 0 2 3 13 17 0 0 0 18 0 11 
0 3 0 0 0 0 -1 0 0 0 0 0 0 0 0 10 0 0 0 9 0 0 0 0 20 0 11 16 0 0 0 0 0 0 0 0 13 8 0 0 12 0 0 15 14 0 3 9 0 0 17 9 8 0 0 0 6 0 5 16 0 0 5 0 1 18 0 0 0 8 0 0 3 4 0 8 0 0 0 15 
4 7 20 16 0 1 0 12 14 0 3 0 0 0 8 0 0 1 0 0 13 10 -1 0 2 8 0 15 0 0 0 16 4 11 0 0 12 16 0 0 0 0 0 15 3 -1 0 9 0 15 0 16 18 0 0 15 0 0 0 0 0 14 0 0 0 5 13 19 0 9 8 2 12 0 0 4 9 0 0 12 
11 0 0 13 1 0 14 0 -1 16 0 16 0 11 0 0 2 1 0 18 2 1 19 0 0 8 0 0 5 7 13 5 0 0 7 0 20 0 10 0 0 12 19 16 20 0 9 0 0 18 0 0 7 18 0 0 13 8 14 19 9 0 0 0 0 20 0 0 0 0 2 5 0 0 0 0 0 0 0 0 
6 5 0 0 -1 19 6 8 0 2 0 0 0 4 17 0 0 0 13 0 8 0 0 8 0 0 6 9 13 14 12 0 19 0 20 0 14 0 0 5 -1 0 0 0 19 2 5 10 0 13 1 -1 0 0 10 1 0 0 15 0 2 1 0 18 0 0 0 0 4 13 0 0 16 0 1 0 14 14 0 0 
0 0 0 2 0 9 0 0 2 0 -1 15 19 0 0 0 0 0 0 16 0 0 0 0 0 0 18 0 0 0 0 19 3 0 0 -1 20 0 13 0 0 20 0 15 4 -1 0 0 0 12 9 0 11 16 0 11 9 3 9 0 12 15 18 0 1 0 0 0 0 0 0 6 8 0 0 0 0 5 0 18 
2 0 0 13 0 0 0 16 11 12 6 9 0 0 2 0 6 19 0 0 6 -1 0 6 17 0 16 0 0 7 0 0 5 20 10 14 0 0 5 0 0 14 20 0 5 15 0 0 0 16 0 0 13 0 0 7 0 0 0 4 0 20 0 0 0 11 0 -1 0 0 0 0 0 6 0 15 8 4 2 0 
0 0 0 0 13 18 18 0 1 18 0 8 3 0 7 14 18 0 13 0 0 0 0 7 0 17 0 0 7 0 3 12 0 9 -1 0 9 6 0 6 0 0 0 0 4 10 0 0 17 0 0 7 7 10 9 0 9 17 0 18 8 0 5 0 0 0 12 1 17 0 0 0 8 0 2 0 0 0 0 0 
2 0 0 17 0 -1 12 0 13 20 9 0 0 0 12 0 4 0 0 0 0 0 0 0 14 4 0 14 0 0 0 18 19 11 14 4 0 9 0 6 19 4 0 17 16 0 0 0 15 0 12 0 3 7 0 0 0 0 0 0 0 0 5 0 17 0 0 6 5 9 0 0 5 0 1 19 0 0 0 0 
15 -1 1 14 10 0 10 0 11 5 2 0 5 0 0 16 0 0 0 0 3 14 13 0 20 11 0 0 18 0 10 0 0 0 1 0 0 0 0 -1 0 0 0 0 0 0 0 14 0 0 13 2 20 1 9 17 0 12 -1 5 8 3 11 0 0 0 1 20 0 10 0 0 2 0 0 0 6 0 14 0 
0 18 0 0 0 20 6 0 9 0 0 0 0 17 0 12 0 6 0 3 0 9 15 15 0 12 13 0 0 8 0 0 0 0 0 0 3 0 0 0 0 0 1 15 2 0 3 0 16 9 18 14 6 9 6 15 18 0 0 0 0 0 0 0 0 0 0 12 18 13 8 16 0 1 17 16 13 0 0 0 
13 0 8 0 14 0 0 5 0 0 3 0 11 10 0 19 0 0 17 14 14 8 5 0 0 0 6 0 0 0 3 1 0 0 7 19 0 0 0 1 0 3 4 0 0 13 15 4 0 5 17 1 19 12 0 0 6 0 0 0 0 0 13 0 0 0 0 0 7 6 0 0 0 0 0 13 0 0 0 0 
0 0 6 14 12 0 0 1 -1 0 7 0 0 13 11 8 12 2 -1 -1 -1 5 0 0 9 3 0 20 18 0 0 0 0 11 0 0 0 10 0 9 -1 -1 0 15 0 -1 0 7 7 0 0 0 0 0 0 10 0 0 0 14 0 0 -1 0 9 0 0 10 0 14 0 0 10 0 6 0 0 11 0 11 
0 0 0 9 0 17 0 0 0 0 0 0 0 14 7 0 3 17 0 3 0 7 0 3 18 0 0 0 18 4 0 0 14 3 0 3 6 9 0 13 0 1 9 11 0 17 0 -1 0 16 18 0 0 -1 3 8 0 0 0 0 10 0 0 16 0 0 16 2 0 9 12 0 0 0 18 0 0 1 0 -1 
0 15 -1 18 15 1 0 0 0 17 0 0 8 14 0 2 17 0 1 16 19 0 0 -1 0 0 0 0 0 0 0 14 0 0 14 4 0 0 14 0 6 0 5 6 8 0 0 0 0 13 0 0 0 5 5 2 0 14 1 8 8 0 11 9 20 10 0 0 6 0 0 0 15 0 0 0 10 12 12 -1 
6 7 0 0 18 0 19 13 0 19 18 16 17 0 0 0 2 0 1 0 0 4 14 14 20 5 0 0 0 0 0 0 -1 5 -1 13 15 0 0 0 19 0 0 0 0 17 15 19 0 13 0 10 0 0 18 0 0 18 0 0 14 -1 4 0 0 0 3 0 0 18 0 0 19 0 18 0 0 15 4 9 
0 19 12 0 0 3 13 13 9 4 0 0 17 18 18 -1 0 3 19 0 0 5 0 12 14 0 0 0 -1 0 11 0 0 0 15 0 3 18 0 16 18 8 3 3 6 0 0 0 0 0 19 0 0 16 0 0 2 0 0 0 8 0 0 0 7 0 12 0 11 0 11 0 0 19 0 0 0 0 14 12 
12 15 0 4 20 -1 0 1 11 0 12 0 0 0 15 0 0 15 -1 7 0 16 0 0 6 0 7 10 13 0 0 0 0 0 15 15 0 10 20 0 -1 0 0 6 0 0 0 5 0 0 3 3 0 11 0 0 0 0 8 4 11 9 0 0 0 0 0 1 1 8 14 0 0 0 16 14 0 12 0 0 
10 0 0 20 13 0 17 0 0 10 0 5 0 16 8 0 0 10 0 10 0 0 4 18 0 0 18 0 0 2 0 4 19 0 18 0 0 5 0 0 0 10 2 3 18 17 0 12 0 0 0 0 7 5 0 9 0 0 14 0 4 1 0 5 17 0 17 17 0 0 14 5 0 9 0 4 9 17 0 0 
11 0 0 0 12 0 8 18 10 -1 16 0 5 16 14 0 1 0 0 0 0 0 0 0 0 0 0 0 0 19 20 10 11 0 16 0 0 0 0 0 3 0 0 18 4 20 8 13 0 0 0 4 0 0 5 17 0 1 2 3 0 4 16 0 0 0 0 0 17 1 12 2 0 3 19 0 0 0 0 17 
8 0 7 1 20 15 19 0 0 -1 3 2 0 0 0 0 0 0 0 0 0 13 0 0 0 0 0 0 16 10 8 0 1 0 0 1 1 12 10 0 2 11 0 13 12 4 0 0 8 0 0 12 0 0 5 1 0 3 0 0 10 0 0 0 0 20 9 8 10 10 -1 0 15 12 0 11 0 0 0 18 
12 1 0 8 0 0 0 3 0 0 0 0 0 4 0 0 0 0 0 0 8 0 0 0 0 0 10 11 4 0 16 0 0 13 0 16 -1 0 11 0 2 0 -1 0 0 16 0 0 0 0 0 7 3 16 0 0 14 0 20 16 11 15 1 0 0 6 4 0 9 0 0 0 13 0 10 0 2 0 0 11 
0 12 20 -1 4 19 0 1 10 0 -1 17 20 9 0 0 1 0 2 0 0 0 15 18 20 6 6 0 2 6 0 0 0 2 0 0 8 11 8 0 9 0 16 0 12 0 0 0 0 0 19 18 0 1 13 13 0 4 1 0 11 19 11 0 0 0 8 0 17 0 0 12 19 11 10 0 0 0 10 0 
0 20 0 0 0 0 0 17 0 0 0 7 0 1 0 3 9 0 0 0 16 20 0 0 3 12 0 8 20 9 0 0 0 0 0 0 7 0 -1 12 0 0 0 0 1 0 0 0 0 17 4 0 6 5 0 0 0 0 11 0 0 0 0 5 18 11 0 20 0 0 18 5 16 0 0 0 8 0 0 0 
7 0 0 0 16 0 5 18 3 0 13 0 6 0 0 0 0 0 0 0 0 9 0 -1 0 18 20 0 0 0 0 0 16 0 0 0 0 0 0 0 20 0 0 14 4 0 0 0 0 0 0 17 0 0 0 7 -1 3 13 16 0 5 0 17 0 0 0 12 11 0 0 2 2 10 2 7 20 0 9 18 
0 16 0 7 0 0 10 16 0 -1 0 0 0 0 13 6 0 19 0 0 3 0 7 8 0 0 1 6 5 0 0 2 17 15 0 0 20 0 18 5 0 20 18 7 0 18 6 10 0 0 0 0 0 18 13 0 0 9 -1 13 16 7 14 7 0 17 12 0 0 0 3 0 0 0 1 13 0 0 0 15 
0 0 0 0 19 5 0 0 0 0 0 0 0 0 6 0 2 0 0 0 19 0 0 0 19 0 0 0 19 9 1 7 0 0 5 14 0 10 0 0 0 0 0 11 20 0 0 0 -1 11 0 0 0 20 13 11 9 0 13 2 0 18 0 5 0 0 7 15 0 0 0 12 0 11 0 8 1 18 0 18 
0 9 9 0 0 0 0 0 17 17 7 0 0 0 3 0 0 16 0 0 7 0 0 0 -1 3 0 0 0 13 0 19 10 0 19 0 0 17 0 0 0 10 0 3 11 14 9 0 0 0 7 14 17 8 15 12 -1 18 16 0 0 7 0 14 0 0 0 17 9 0 5 0 0 11 0 0 0 11 12 17 
11 0 1 4 6 19 0 0 0 6 0 0 0 12 4 8 0 -1 0 5 20 12 0 13 16 10 5 0 0 0 19 0 1 0 4 20 0 1 0 17 0 13 16 3 15 10 0 0 0 0 0 0 0 1 0 13 0 0 0 0 6 0 0 18 8 0 6 0 20 0 18 0 -1 16 7 0 9 0 14 0 
0 7 13 0 0 6 7 0 0 0 1 17 0 5 0 0 8 10 6 0 19 8 0 0 0 0 18 0 9 13 4 17 0 11 0 0 11 0 0 0 7 19 14 2 0 0 0 0 1 0 0 13 14 0 0 0 9 0 0 0 1 0 16 0 6 20 0 0 12 15 17 0 0 0 5 20 0 20 0 0 
0 12 0 0 2 0 0 0 0 0 0 0 18 0 0 14 16 3 13 0 8 0 0 16 0 -1 0 0 0 6 0 20 0 0 0 12 5 15 8 0 0 0 11 1 0 4 0 5 0 0 0 0 12 0 0 12 0 0 7 3 0 20 0 0 -1 12 4 18 0 2 12 0 17 0 0 6 0 12 8 0 
19 -1 0 9 4 0 20 0 3 -1 0 0 1 2 19 13 5 14 0 0 0 12 0 7 0 0 0 5 18 0 0 10 6 0 10 0 0 0 6 -1 0 0 0 0 0 17 0 19 0 2 0 0 14 0 0 0 3 0 0 0 0 0 0 0 5 0 17 19 0 12 0 13 0 11 0 0 0 0 0 0 
15 20 7 20 -1 10 0 0 0 0 0 13 19 0 16 0 0 0 0 19 12 0 0 0 0 0 15 0 18 2 12 7 0 20 0 6 0 0 0 0 -1 0 11 9 0 0 0 0 0 0 0 0 0 0 0 0 5 8 0 5 0 0 0 0 0 18 0 20 0 0 0 0 16 0 0 0 0 17 0 3 
0 13 0 17 3 9 10 0 0 0 0 17 5 0 18 1 11 0 0 0 15 0 6 9 -1 0 0 19 9 0 10 8 8 14 13 0 0 0 0 0 0 8 0 0 1 0 6 0 0 0 16 0 0 15 0 11 18 0 0 3 0 0 0 4 4 0 0 5 0 20 9 0 7 19 0 0 9 0 0 5 
0 16 14 -1 0 9 0 6 3 0 0 5 0 0 0 11 15 2 0 18 9 7 0 17 0 0 18 7 11 0 0 0 20 6 19 -1 18 16 0 0 0 12 1 0 -1 19 19 0 0 8 0 0 0 17 11 0 3 10 17 5 3 -1 0 0 0 0 9 17 0 0 0 0 0 18 0 0 0 0 1 0 
0 0 0 0 0 13 0 -1 1 9 0 0 18 12 4 0 0 0 0 -1 0 20 0 0 -1 0 8 0 20 17 0 10 8 0 7 0 0 0 0 18 0 0 14 1 0 -1 0 8 14 14 5 0 4 9 -1 6 4 0 6 0 17 15 0 11 5 0 0 17 0 0 0 13 0 0 0 16 10 13 9 0 
16 19 13 11 19 8 0 0 0 20 0 0 0 19 0 5 0 5 3 7 20 0 0 0 4 13 9 11 0 13 0 11 0 0 0 3 0 5 0 0 5 5 0 0 1 8 -1 0 0 8 18 13 0 0 18 0 0 1 1 0 1 0 0 2 18 0 15 7 -1 0 20 1 0 0 0 0 0 0 17 0 
0 17 0 0 15 -1 4 -1 11 1 15 0 0 0 0 0 19 3 20 0 20 13 2 20 0 9 0 7 0 15 0 0 0 0 7 20 0 7 0 0 0 19 0 6 17 0 0 0 2 19 18 18 16 0 3 0 0 10 0 0 0 0 0 0 0 0 -1 0 0 0 0 0 0 0 0 0 7 0 16 17 
0 0 0 4 0 1 0 0 1 0 6 0 15 0 0 14 2 0 0 0 0 0 15 0 18 0 0 6 0 0 0 7 0 0 1 20 0 10 12 16 6 20 0 13 0 0 7 11 18 0 0 0 9 0 3 15 17 20 15 0 3 5 0 1 0 17 0 0 6 0 19 0 18 11 0 0 0 4 0 0 
0 0 0 19 6 0 0 0 0 0 5 17 0 0 0 0 0 2 0 0 0 0 0 0 10 0 12 0 -1 0 0 9 0 0 20 0 1 14 11 14 0 4 20 0 4 0 19 18 1 0 0 0 16 0 17 16 4 0 0 0 0 8 20 14 0 16 -1 0 9 0 1 17 0 0 0 15 -1 19 0 0 
0 0 2 0 1 0 20 13 0 0 17 0 11 0 0 1 -1 0 2 0 14 13 0 0 0 0 0 0 3 0 0 0 0 0 3 14 0 16 18 0 12 0 0 0 0 9 20 9 0 15 12 0 20 0 1 4 0 0 0 0 0 16 3 0 16 6 0 -1 0 0 0 18 6 0 0 0 0 13 0 0 
19 0 0 0 0 0 -1 14 0 0 9 0 16 1 0 13 4 0 4 16 11 0 0 13 0 0 0 13 17 20 0 0 0 0 15 11 0 0 10 6 0 0 20 6 17 0 0 0 0 17 0 0 0 9 0 19 0 0 19 0 1 15 0 0 12 12 1 0 9 9 0 8 0 0 1 1 7 16 0 20 
0 0 8 0 0 0 0 0 0 16 16 10 0 0 18 0 15 0 9 0 0 2 5 2 1 2 19 0 11 4 0 0 18 0 0 0 -1 11 0 0 5 3 19 4 0 0 0 0 1 20 0 7 8 0 9 0 0 0 0 2 6 19 0 0 13 3 17 0 5 0 15 6 0 -1 0 0 2 12 0 0 
0 0 0 20 11 0 0 0 0 16 0 -1 0 0 0 8 0 0 0 0 19 20 10 4 10 13 2 0 0 13 16 0 18 7 0 0 2 12 0 0 0 6 10 6 0 7 1 0 20 0 0 0 0 11 13 12 0 5 11 0 0 0 3 3 13 3 0 0 12 17 0 0 0 13 0 0 0 0 0 12 
16 5 0 0 12 0 0 10 4 0 8 0 8 0 20 0 0 14 0 10 5 15 7 17 19 0 14 4 0 0 0 10 0 0 0 0 10 7 9 0 18 0 0 17 0 14 17 0 3 1 3 0 7 8 0 6 0 0 -1 14 19 0 7 0 18 18 0 12 0 0 0 16 0 4 0 2 11 0 0 0 
6 0 8 0 4 0 19 0 6 0 9 0 10 0 0 0 7 15 0 0 4 0 3 3 9 0 0 8 1 0 0 11 -1 0 6 0 0 1 0 0 0 12 17 17 0 0 20 4 0 3 8 0 0 0 0 16 13 0 0 2 0 7 2 13 0 13 6 0 5 0 0 0 0 0 0 18 16 0 2 6 
10 0 1 20 0 0 0 0 0 0 0 0 5 0 -1 7 0 -1 9 0 20 0 0 0 3 0 0 0 10 0 19 12 0 0 6 0 0 13 5 0 0 0 0 0 0 0 0 0 15 0 0 -1 4 0 0 17 0 7 0 0 0 17 0 0 0 12 19 7 3 11 0 8 8 19 0 0 0 0 5 17 
16 0 5 0 0 0 0 0 1 9 0 0 17 -1 3 12 8 0 0 2 14 3 4 0 0 0 0 0 2 0 0 0 15 12 0 16 20 0 14 0 0 0 0 0 0 6 0 0 4 0 0 6 15 0 0 0 16 10 0 0 0 11 20 0 9 0 20 0 0 0 0 7 6 0 0 0 14 17 0 0 
16 0 6 0 0 0 20 15 0 0 0 16 15 7 0 0 19 3 3 0 0 1 0 14 0 0 12 -1 8 17 0 11 14 10 0 4 12 0 11 8 17 -1 19 0 0 18 0 0 0 0 0 0 11 0 20 0 0 11 0 11 5 12 13 0 5 16 0 18 0 8 0 0 0 0 10 0 4 0 5 7 
0 0 0 0 0 19 2 0 15 0 0 0 13 17 0 9 0 0 0 0 12 0 -1 0 16 1 8 1 5 0 18 11 0 11 9 20 8 0 4 1 0 9 11 7 7 14 0 0 0 19 1 0 16 0 0 17 5 10 9 0 0 1 19 0 0 0 2 0 19 0 -1 15 0 0 0 0 19 0 0 7 
9 16 1 0 20 17 20 0 0 0 0 13 4 10 10 0 0 14 0 0 12 0 4 12 8 0 0 0 12 15 11 3 -1 -1 10 8 0 0 0 13 4 11 0 0 0 0 0 -1 16 12 0 0 0 0 0 -1 0 0 0 0 16 0 0 19 0 0 11 0 -1 14 19 11 0 0 0 1 5 0 17 0 
0 19 0 0 18 0 15 10 5 0 0 -1 0 9 6 19 12 0 5 11 11 0 0 19 7 17 0 0 0 20 0 0 6 0 0 0 11 0 0 9 0 0 0 9 0 0 1 0 0 0 0 0 0 8 0 7 -1 19 19 0 0 1 13 0 11 0 0 19 0 0 20 0 0 14 17 0 0 0 10 0 
0 3 2 0 0 0 18 17 6 18 0 16 0 8 0 16 3 -1 0 0 15 20 0 0 0 13 8 18 0 0 14 8 1 2 12 0 0 0 9 4 19 13 9 5 19 4 0 0 8 8 18 13 0 0 0 5 10 1 6 0 0 0 5 6 2 0 2 0 0 2 5 0 0 19 9 16 1 4 19 0 
0 0 0 6 0 3 0 0 13 5 0 8 16 2 11 0 0 3 0 0 -1 14 8 0 8 0 0 12 15 0 0 6 3 19 5 0 0 15 0 0 17 0 0 19 14 0 0 0 0 0 0 5 0 0 0 18 -1 0 14 5 17 20 20 0 0 15 9 9 9 0 14 4 0 0 0 8 8 0 3 0 
4 0 0 20 0 0 2 0 0 19 0 7 0 9 11 -1 0 14 0 0 0 0 16 0 4 0 0 14 0 0 11 0 2 11 18 1 8 20 16 9 10 2 0 13 0 0 0 0 1 0 0 5 11 0 5 19 9 8 13 0 18 0 0 0 0 8 2 12 8 0 11 0 0 0 9 0 0 11 0 5 
-1 12 8 18 19 7 2 0 13 19 0 7 0 19 3 11 6 10 17 0 0 0 2 15 0 14 0 3 0 0 11 9 11 5 0 4 0 0 11 0 4 0 4 0 0 9 0 10 13 18 0 6 9 0 2 12 0 20 7 0 0 7 6 0 0 5 -1 0 0 19 6 0 2 0 19 0 5 0 14 0 
9 8 0 0 9 0 1 14 14 0 0 19 0 0 13 8 0 0 0 0 0 18 -1 0 2 0 5 19 0 20 0 0 0 19 0 0 10 0 0 4 -1 0 0 0 0 0 18 0 15 0 1 0 -1 0 0 2 0 0 2 0 10 9 -1 0 9 4 10 0 14 5 6 4 -1 8 0 0 0 10 16 0 
4 0 18 0 0 4 0 16 0 20 3 20 16 0 0 18 2 6 0 -1 0 1 0 0 0 0 19 0 18 0 0 19 0 1 0 0 0 1 0 0 0 4 4 0 2 15 20 12 7 0 5 13 0 0 0 6 10 0 3 9 5 0 0 0 13 0 20 0 12 0 10 0 13 0 7 0 16 16 19 7 
20 3 0 3 14 6 0 14 0 7 0 13 0 0 18 0 2 0 0 0 12 3 0 7 18 0 0 14 0 17 20 0 4 20 0 0 0 0 5 0 0 19 16 13 0 0 0 0 0 6 0 0 13 1 12 0 11 13 16 0 9 0 0 0 0 0 10 5 0 5 16 14 -1 0 3 -1 17 0 0 13 
1 8 17 0 0 0 0 16 13 10 15 7 2 0 0 17 0 13 0 0 0 0 1 8 18 18 0 12 1 0 0 13 0 12 0 17 0 14 0 0 0 10 0 0 0 0 0 0 0 0 0 18 16 0 3 12 17 0 0 1 0 0 0 4 0 14 0 0 0 8 0 0 11 0 0 0 17 7 0 3 
0 16 0 17 0 14 0 11 0 0 5 4 19 0 17 0 0 16 3 0 0 0 14 0 0 0 7 0 0 20 0 0 0 13 0 0 0 0 20 8 20 0 0 0 0 0 0 0 8 0 0 0 0 0 0 5 0 0 0 9 20 19 0 -1 10 16 0 0 19 18 -1 17 0 20 0 0 0 13 18 0 
1 19 0 0 0 0 0 0 0 -1 0 17 0 0 0 0 0 0 0 8 8 17 0 16 0 5 0 5 0 0 0 0 7 0 0 6 0 0 14 0 -1 0 11 14 20 14 0 0 0 6 12 0 4 17 0 4 15 7 16 7 0 0 0 6 0 3 0 9 0 0 0 1 20 18 13 15 0 0 16 3 
14 0 18 0 15 0 0 0 0 7 0 0 17 2 0 0 20 10 0 0 0 0 8 13 0 0 17 0 0 0 0 0 5 16 0 1 0 2 0 0 11 0 0 0 0 0 16 11 0 0 0 5 10 3 8 17 6 6 7 2 0 2 5 0 0 0 0 0 0 7 9 0 5 0 2 0 0 20 0 0 
0 0 0 13 15 10 0 0 12 9 0 0 0 0 20 6 0 0 0 1 0 0 5 0 0 4 15 0 0 0 9 0 13 0 0 16 4 10 0 0 0 0 0 0 0 0 11 18 -1 0 4 17 0 0 12 0 8 14 7 0 0 3 0 0 0 9 0 8 7 0 0 17 0 14 10 0 1 4 13 5 
0 0 0 2 0 0 17 15 16 0 10 0 3 0 10 10 17 0 8 16 -1 14 0 5 0 0 -1 0 19 0 7 0 0 1 4 0 5 0 0 -1 0 18 3 0 0 12 0 10 0 20 17 5 0 0 0 0 0 0 0 0 12 0 19 3 19 20 7 17 5 0 11 0 0 11 0 0 0 0 13 0 
0 4 0 0 17 0 0 0 0 0 0 9 17 18 0 0 16 6 0 0 0 5 0 0 0 2 0 0 0 0 12 15 0 0 2 4 0 0 0 17 0 10 0 0 1 0 9 1 0 18 0 11 15 11 0 0 0 15 16 0 0 0 17 8 0 13 15 17 5 0 0 12 0 3 17 4 0 0 15 7 
19 7 0 12 0 0 20 0 0 11 0 7 0 17 0 0 0 0 13 0 3 0 0 4 0 1 0 7 0 0 0 14 0 0 0 10 14 4 13 5 17 0 2 0 0 0 0 0 0 20 0 17 18 0 0 0 0 0 0 0 0 -1 9 3 10 0 6 0 14 16 0 0 0 19 18 0 0 13 0 16 
1 13 0 0 11 0 0 3 10 1 0 10 9 13 18 5 14 10 0 0 0 10 0 0 1 14 0 0 0 0 20 2 0 0 19 10 0 0 0 0 18 0 16 15 0 0 0 1 14 0 0 1 20 -1 0 0 0 0 0 0 4 12 0 0 20 0 8 5 1 1 7 6 6 0 0 12 9 0 12 9 
0 0 0 0 0 12 0 0 0 13 0 2 0 0 12 0 0 -1 -1 0 1 10 0 0 0 0 0 0 0 0 0 4 4 8 0 7 13 0 1 0 9 0 10 20 0 0 8 0 0 0 0 0 1 19 1 2 0 0 0 5 0 0 0 16 0 16 5 0 0 0 0 19 0 0 0 12 0 11 0 1 
0 13 2 8 0 4 0 0 0 0 0 0 12 11 0 0 0 16 11 0 0 11 -1 12 15 20 0 7 0 7 0 0 0 0 0 0 2 0 0 0 13 18 0 8 0 19 7 5 0 0 0 0 0 14 0 0 0 20 0 0 16 0 0 0 0 1 0 2 0 10 0 0 0 15 15 0 0 16 0 1 
0 18 17 0 0 0 9 6 12 4 19 0 0 17 0 0 20 1 0 6 0 12 0 1 3 11 0 0 20 0 0 18 0 0 0 10 11 0 2 11 0 0 10 4 8 0 0 3 0 0 11 0 15 0 0 0 0 0 19 0 0 12 0 10 0 0 3 0 10 0 4 8 14 0 0 0 17 17 0 12 
1 -1 1 16 17 0 15 0 6 5 0 0 0 0 0 0 14 0 11 0 3 0 13 3 0 0 14 0 0 0 19 15 0 3 0 0 0 0 0 2 0 10 3 20 2 0 0 8 0 15 0 0 0 8 14 13 4 0 5 0 0 14 0 19 17 4 1 12 0 0 0 0 0 0 0 8 17 10 -1 0 
20 13 0 0 17 20 0 0 2 4 0 14 0 0 0 5 0 0 16 7 0 0 0 8 7 0 11 0 7 0 0 0 20 19 0 0 0 13 0 15 17 1 0 12 4 0 4 0 14 0 12 0 18 0 14 1 0 6 3 13 5 0 0 16 0 0 17 0 0 16 3 0 -1 0 9 0 0 15 -1 14 
7 0 0 0 0 13 0 0 4 0 9 0 6 0 0 9 0 18 7 0 12 3 0 7 7 0 0 0 12 0 0 0 0 0 19 17 0 1 13 8 16 0 0 0 0 8 0 8 0 14 19 0 16 0 2 5 0 0 18 9 15 6 3 17 15 3 0 11 4 0 0 0 11 0 9 14 0 18 0 0 
0 0 0 0 0 7 18 0 4 0 18 0 0 0 0 11 4 0 0 1 0 0 0 0 0 16 15 0 5 0 0 18 0 0 0 16 3 0 4 8 8 0 7 12 0 0 9 0 0 4 5 9 0 15 18 11 7 0 18 0 0 0 5 0 0 0 7 20 0 3 1 14 0 0 17 3 0 3 10 0 
15 10 3 5 7 0 1 8 3 0 0 5 7 18 4 19 0 0 0 3 14 0 0 0 11 0 0 8 13 19 1 0 12 14 1 0 0 11 0 0 0 9 0 0 5 15 11 6 0 15 0 0 5 0 0 14 4 0 4 9 0 -1 0 0 20 20 0 11 0 0 0 0 0 0 6 17 7 0 15 0 
10 9 2 0 0 0 0 20 0 20 5 0 12 7 0 0 13 0 11 19 0 15 0 15 0 19 0 0 17 0 17 0 0 14 3 0 0 6 7 5 0 3 15 11 3 18 0 8 0 12 12 0 0 14 0 0 2 0 0 4 0 5 17 0 4 0 1 0 15 0 8 0 5 7 0 3 6 1 0 4 
5 3 0 14 0 20 5 0 0 0 6 0 0 0 9 0 0 0 0 19 0 0 12 0 0 0 0 0 0 18 0 2 0 6 0 11 17 0 0 0 10 13 0 0 11 12 0 0 0 7 0 0 0 -1 0 18 0 0 0 18 0 0 0 5 0 0 0 20 0 19 0 12 3 5 0 13 16 4 0 0 
0 19 8 20 12 0 6 0 0 8 0 14 12 6 3 1 9 0 8 0 5 0 4 0 9 0 -1 18 16 0 14 1 0 0 18 17 0 8 14 11 0 12 0 19 17 12 17 -1 0 12 4 8 0 13 3 0 0 0 10 0 0 -1 10 0 15 0 0 13 0 7 0 0 0 1 0 0 0 0 0 19 
0 19 13 0 0 9 0 0 2 1 0 0 0 20 0 6 0 4 0 17 8 0 0 3 0 0 0 13 0 0 0 20 0 0 8 0 20 1 0 0 0 0 1 0 0 0 0 14 0 0 0 0 19 11 0 0 0 0 1 0 0 13 0 14 0 0 0 0 0 0 0 0 0 -1 11 0 9 0 14 18 
12 18 8 5 0 12 5 0 13 0 0 0 0 0 4 0 4 16 17 18 0 0 19 0 18 3 12 5 0 12 0 0 4 0 0 0 13 13 0 11 0 8 0 0 0 2 10 18 19 13 7 0 14 0 0 0 0 -1 0 2 0 15 0 0 19 0 0 0 0 0 9 6 0 0 0 12 0 0 1 0 
0 0 17 0 18 -1 0 16 10 13 0 0 0 0 0 0 3 0 0 0 14 8 5 16 19 0 10 0 0 14 10 3 0 0 0 0 14 14 6 19 0 0 0 16 0 0 2 0 12 20 0 19 8 0 0 0 4 12 0 0 0 0 5 0 3 15 10 7 0 16 15 15 5 0 0 0 0 0 0 12 
6 0 7 0 0 0 14 0 2 0 0 0 10 1 0 17 0 16 0 0 0 0 0 2 0 0 17 12 0 0 6 0 9 0 0 11 0 0 5 1 0 0 0 0 0 0 0 16 0 0 0 9 6 6 11 0 0 18 0 9 3 0 0 0 0 1 0 0 0 12 0 20 0 8 0 0 0 0 0 0 
6 0 9 0 0 11 7 4 -1 0 0 0 0 12 2 10 0 15 19 9 0 0 18 -1 0 0 0 6 0 0 2 0 0 0 0 0 0 18 7 0 2 11 19 0 16 8 0 0 0 0 1 19 5 0 0 0 20 0 0 0 0 1 15 0 5 5 0 0 0 0 0 0 13 6 0 0 0 0 0 0 
2 17 0 14 0 0 0 0 9 15 4 17 0 3 0 11 0 0 17 3 0 8 10 0 19 1 4 5 0 0 13 1 4 0 0 13 0 0 15 0 5 18 4 0 0 15 11 10 0 0 16 0 0 14 0 -1 17 0 3 0 18 0 -1 20 16 0 0 0 8 3 0 0 8 18 0 12 0 0 0 0 
19 14 15 0 0 17 0 0 0 18 14 1 0 11 0 20 0 0 9 10 15 0 16 0 0 0 6 0 4 14 0 0 0 0 6 0 19 0 0 0 2 19 16 0 -1 0 1 0 0 0 0 0 0 4 0 20 0 17 0 0 0 0 0 0 0 0 5 0 0 0 0 12 0 19 1 0 10 0 0 17 
0 0 9 18 4 0 16 8 0 13 0 -1 0 0 0 0 19 10 13 0 14 0 0 2 0 11 -1 0 -1 0 7 0 13 0 0 0 7 13 0 0 7 0 7 17 3 0 0 0 15 1 7 19 3 0 0 0 0 0 1 0 0 14 0 3 9 0 15 0 13 8 0 12 0 0 0 0 19 17 6 10 
0 0 13 0 20 0 0 11 19 14 8 19 13 0 0 0 19 16 0 0 7 0 0 0 0 0 0 5 0 0 0 0 1 0 0 0 0 9 0 0 0 1 0 0 19 0 1 4 0 0 2 8 2 0 -1 0 0 4 0 0 0 0 0 17 17 6 13 15 0 10 11 17 8 1 4 16 1 0 -1 7 
18 0 8 0 0 0 0 9 0 9 0 17 0 7 19 16 0 0 10 0 12 0 4 0 0 15 2 15 0 2 0 0 0 9 0 6 0 0 0 0 0 13 16 -1 17 13 0 0 0 0 0 0 16 0 12 11 0 0 0 0 0 0 13 8 19 0 0 3 0 10 0 17 0 0 16 -1 19 7 5 0 
0 11 6 0 14 17 10 0 0 0 17 0 1 0 0 9 0 0 0 8 0 13 0 15 14 12 0 0 17 12 17 20 2 0 0 7 0 0 1 0 18 19 11 14 0 8 13 0 16 0 14 0 0 0 0 -1 3 2 19 0 0 0 0 0 14 5 0 0 0 0 0 16 18 11 0 0 0 13 1 10 
17 2 16 0 0 16 0 16 0 19 0 0 0 0 4 0 5 8 20 0 0 0 5 0 0 0 6 0 0 10 0 11 0 9 6 0 0 0 0 0 0 10 0 1 0 0 0 13 0 0 6 15 0 0 0 0 0 10 19 6 0 -1 0 0 -1 0 1 0 1 0 16 0 3 4 0 0 0 20 0 11 
19 0 0 9 0 4 0 0 12 0 13 0 0 -1 1 16 0 1 0 0 -1 12 3 8 0 15 8 0 13 0 6 4 11 10 0 0 10 0 0 10 0 0 -1 0 -1 14 14 0 3 0 8 0 12 0 2 0 2 7 11 1 0 0 11 6 0 0 0 5 0 0 0 20 0 14 1 5 0 -1 1 4 
0 0 2 18 0 0 2 0 0 0 11 9 0 0 0 0 14 1 0 0 0 0 0 0 0 0 0 0 0 0 6 12 19 0 0 11 0 0 20 19 11 0 0 5 5 0 0 0 3 0 0 0 0 9 0 0 0 0 16 0 6 5 11 4 0 0 0 0 12 10 0 5 -1 15 2 0 5 0 5 0 
0 0 12 0 10 12 0 1 0 9 0 0 0 0 0 14 0 0 6 3 0 20 7 20 19 0 0 0 0 6 6 0 0 17 11 0 0 0 0 7 -1 0 0 -1 11 0 9 11 0 7 0 0 0 6 3 6 0 2 13 4 0 2 0 4 7 9 12 1 3 0 0 0 0 0 3 2 12 20 0 0 
0 12 0 0 8 0 5 0 0 0 0 0 20 0 6 -1 0 0 19 8 9 3 14 0 0 0 -1 -1 0 17 0 7 18 13 6 0 14 13 0 0 0 0 0 0 12 3 0 4 13 0 0 0 0 2 5 11 20 13 8 9 1 14 18 0 20 12 6 0 0 0 11 0 0 0 0 15 7 0 0 10 
13 0 7 1 5 0 0 0 0 3 0 7 11 11 17 0 17 0 9 8 6 1 8 0 0 0 15 0 0 0 8 11 0 0 1 13 10 0 0 15 0 4 19 0 0 19 0 0 4 2 0 0 0 0 0 3 0 6 18 0 0 3 20 20 0 1 7 0 20 6 9 0 0 8 0 0 11 16 4 0 
15 0 0 0 5 0 17 0 10 0 0 10 0 6 1 0 0 0 0 0 0 19 0 0 3 17 17 13 0 10 8 9 15 0 10 0 0 0 6 -1 0 0 0 0 13 19 0 0 0 0 0 0 0 0 0 8 0 19 0 4 0 0 3 1 0 14 5 0 0 9 1 0 0 0 15 0 0 7 0 -1 
0 14 0 15 0 0 0 11 14 0 18 0 0 10 20 0 0 20 0 0 0 14 0 5 18 0 13 0 0 3 12 10 2 0 0 12 -1 0 0 8 0 20 19 0 17 6 0 0 16 0 0 7 0 0 0 0 0 0 2 0 0 0 12 8 14 0 0 3 0 0 0 0 0 4 0 0 1 -1 13 0 
0 13 11 13 0 0 0 0 14 9 0 0 0 0 2 0 -1 0 0 5 0 8 0 12 13 12 0 0 0 0 3 1 14 0 20 0 0 0 18 0 16 16 0 0 15 13 0 10 2 0 6 20 4 9 0 0 16 9 0 0 19 0 0 8 0 0 12 0 2 0 0 0 0 5 0 0 4 0 0 0 
19 0 0 0 0 0 3 19 0 0 8 0 0 12 0 -1 0 0 12 0 0 0 15 12 17 13 16 4 11 0 19 0 0 2 0 7 0 0 0 0 0 0 7 0 0 0 6 0 14 20 0 0 -1 19 0 3 0 2 0 0 11 18 9 19 5 2 0 4 13 0 0 19 0 0 0 0 0 0 17 13 
0 15 0 2 0 0 0 8 0 0 3 20 0 1 0 1 -1 0 0 6 0 11 0 0 0 8 0 11 0 0 0 6 18 17 0 0 10 9 20 0 14 0 18 0 19 0 0 0 0 13 0 12 0 0 11 8 13 0 18 3 5 -1 11 5 0 0 0 20 9 0 4 0 9 0 0 0 0 9 0 17 
0 4 8 5 20 5 0 3 17 20 0 0 0 0 0 0 0 8 1 10 0 6 0 0 0 0 1 8 0 2 0 0 0 0 16 0 4 0 15 8 0 0 0 8 15 3 0 0 12 0 0 0 15 0 6 12 0 0 0 3 19 0 0 0 1 0 0 0 0 0 9 -1 1 0 19 0 0 20 0 0 
0 10 0 7 12 0 18 0 0 15 0 0 -1 15 3 0 8 15 0 13 0 12 0 0 0 0 0 0 0 19 16 11 -1 0 0 0 0 8 0 0 0 0 10 0 -1 0 0 4 2 3 0 0 0 1 13 0 5 0 0 3 18 0 0 4 0 0 -1 0 9 18 1 0 8 0 11 0 18 1 5 3 
0 0 0 0 0 3 12 15 18 0 0 0 16 -1 0 17 0 0 0 18 0 0 12 12 0 16 0 14 0 0 4 6 5 0 -1 0 16 12 10 15 0 3 12 0 0 10 1 12 0 6 0 0 0 0 0 0 0 20 0 4 0 2 12 19 0 -1 18 5 6 0 15 6 0 0 0 4 -1 0 20 15 
0 12 0 6 0 0 0 3 1 0 0 0 0 0 0 0 0 0 0 1 0 0 0 0 0 12 0 0 0 6 5 8 0 6 0 13 0 16 9 10 0 18 0 0 0 0 0 0 0 6 0 0 0 7 0 0 12 0 2 0 17 0 0 0 12 0 0 0 20 8 0 0 2 0 15 20 15 0 0 0 
19 0 0 14 0 0 0 0 7 11 16 4 7 13 10 1 1 2 16 0 -1 6 0 0 0 0 12 0 0 0 10 2 0 2 0 0 0 0 9 13 12 0 10 0 0 0 13 0 18 20 15 14 17 0 0 0 0 19 0 0 0 19 17 0 10 8 13 6 0 7 0 0 6 18 8 -1 6 0 8 0 
17 11 20 18 0 0 0 9 0 0 14 1 0 5 0 0 19 0 0 1 16 0 8 0 19 3 0 0 9 0 8 14 0 0 0 4 13 2 0 8 9 0 0 0 0 2 15 -1 16 8 0 0 0 0 0 0 8 0 0 4 0 0 8 6 11 0 0 16 7 0 17 0 0 0 6 5 7 0 12 0 
9 0 0 18 3 0 0 0 0 12 9 1 0 8 0 0 0 0 0 0 20 0 0 9 0 11 0 6 2 0 0 0 17 0 0 4 5 13 0 7 15 4 0 0 0 15 0 0 3 19 12 0 0 2 16 0 11 0 0 19 4 0 6 11 19 4 14 0 0 18 9 7 3 14 13 0 14 0 4 0 
15 0 0 19 6 10 0 0 3 9 13 0 17 0 0 0 5 0 11 -1 0 8 0 0 15 14 1 0 12 12 14 20 6 0 0 9 10 17 0 15 0 0 3 20 0 20 0 0 4 9 0 3 4 12 12 0 3 0 0 0 0 13 19 0 0 0 0 10 0 0 0 0 3 0 2 5 0 1 10 0 
0 0 4 0 0 13 2 15 0 2 0 0 0 10 0 0 0 13 0 0 0 8 6 0 0 3 0 13 9 12 0 9 0 16 15 5 0 -1 19 3 13 0 0 0 0 -1 0 13 0 0 0 0 0 13 0 0 13 0 19 8 0 6 0 0 3 15 0 0 0 1 10 13 0 4 0 20 5 0 1 5 
0 8 0 0 0 0 0 12 0 0 0 9 9 8 7 0 -1 3 0 -1 0 0 0 20 10 12 6 -1 0 0 3 17 0 5 0 1 0 0 0 8 0 6 13 0 0 16 0 0 8 0 0 0 0 3 0 6 0 11 0 19 7 0 10 14 0 0 0 0 0 0 0 10 0 0 1 0 16 0 17 -1 
3 0 0 12 0 0 0 0 12 0 0 0 0 12 3 19 8 8 0 0 11 16 0 0 2 0 16 10 0 0 0 15 0 0 0 8 0 18 0 3 12 17 0 0 7 0 0 0 11 0 0 8 9 0 0 0 20 0 19 17 15 0 17 0 14 15 16 0 5 0 -1 9 0 13 1 13 0 0 0 0 
0 0 10 1 0 0 0 17 0 0 0 -1 0 0 8 0 0 14 0 19 0 14 0 0 9 0 0 -1 11 0 0 0 0 0 0 0 0 0 3 0 15 0 15 0 17 0 0 11 0 0 2 0 5 4 13 0 2 0 3 0 6 0 0 -1 18 0 0 0 17 0 4 0 2 0 0 2 0 0 0 0 
14 15 11 19 0 4 17 13 13 0 6 0 -1 17 19 0 11 0 0 15 11 0 0 20 8 0 0 14 -1 0 13 15 4 15 15 0 6 9 -1 0 0 11 0 15 0 0 0 10 11 4 0 0 9 17 0 -1 8 0 20 7 20 20 0 19 0 8 17 10 0 12 -1 0 0 2 10 11 0 0 14 5 
15 0 0 0 0 9 0 0 0 10 0 8 0 0 12 0 -1 0 0 0 17 0 13 12 0 3 10 0 12 20 0 20 0 0 0 5 15 1 0 0 0 0 5 16 0 20 0 11 2 0 -1 0 0 14 16 1 0 17 0 0 8 20 0 16 0 0 7 0 3 12 2 20 5 19 14 12 0 0 12 0 
0 0 0 0 0 0 -1 -1 12 16 16 0 -1 0 14 18 0 0 8 8 13 11 3 11 1 0 0 19 0 19 0 0 8 0 2 0 0 0 12 0 0 10 0 0 0 5 19 0 0 2 20 0 0 19 0 0 0 14 0 11 0 1 0 14 0 6 2 0 0 15 0 0 10 5 0 3 0 5 0 6 
5 0 0 0 0 0 0 0 17 14 17 0 0 0 0 0 0 2 0 0 0 19 0 0 10 15 6 12 5 -1 0 18 0 0 13 12 0 15 16 0 0 5 8 16 1 9 13 10 10 0 10 0 0 0 0 18 0 9 0 0 0 0 0 1 5 15 5 0 0 16 16 0 0 19 1 -1 0 7 0 0 
7 0 2 0 0 20 10 0 6 0 0 13 2 0 2 17 13 10 0 16 0 0 0 -1 0 0 1 0 7 0 0 13 1 17 0 0 0 0 9 1 0 0 15 0 4 5 0 13 2 9 0 19 0 6 2 0 0 0 0 10 5 0 16 0 0 0 0 4 18 0 1 6 0 0 5 0 3 0 16 5 
8 0 8 0 0 0 0 20 0 0 6 0 0 0 20 10 0 16 0 6 0 0 0 -1 18 -1 0 9 0 0 0 13 0 14 19 0 18 0 0 2 3 0 8 14 0 1 0 0 0 6 0 0 0 8 0 -1 9 13 0 10 10 0 0 0 0 2 0 2 0 6 0 4 12 13 0 0 0 5 0 0 
6 17 3 0 14 0 7 0 6 0 18 15 13 0 13 0 0 0 0 0 0 0 0 7 0 0 8 13 0 9 19 10 1 0 0 0 3 11 0 0 15 0 0 0 5 18 0 2 0 0 0 7 0 0 19 2 13 18 10 4 0 1 12 17 14 17 0 15 11 0 16 7 0 0 4 0 0 0 1 0 
0 0 0 0 0 0 0 0 0 0 0 0 0 0 0 0 0 0 0 0 0 0 0 0 0 0 0 0 0 0 0 0 0 0 0 0 0 0 0 0 0 0 0 0 0 0 0 0 0 0 0 0 0 0 0 0 0 0 0 0 0 0 0 0 0 0 0 0 0 0 0 0 0 0 0 0 0 0 0 0 
-1 0 0 0 0 0 0 0 0 0 0 0 0 0 0 0 0 0 0 0 0 0 0 0 0 0 0 0 0 0 0 0 0 0 0 0 0 0 0 0 0 0 0 0 0 0 0 0 0 0 0 0 0 0 0 0 0 0 0 0 0 0 0 0 0 0 0 0 0 0 0 0 0 0 0 0 0 0 0 0 
0 9 0 0 0 0 0 0 0 0 0 0 0 0 0 0 0 0 0 0 0 0 0 0 0 0 0 0 0 0 0 0 0 0 0 0 0 0 0 0 0 0 0 0 0 0 0 0 0 0 0 0 0 0 0 0 0 0 0 0 0 0 0 0 0 0 0 0 0 0 0 0 0 0 0 0 0 0 0 0 
0 0 16 0 0 0 0 0 0 0 0 0 0 0 0 0 0 0 0 0 0 0 0 0 0 0 0 0 0 0 0 0 0 0 0 0 0 0 0 0 0 0 0 0 0 0 0 0 0 0 0 0 0 0 0 0 0 0 0 0 0 0 0 0 0 0 0 0 0 0 0 0 0 0 0 0 0 0 0 0 
0 0 0 17 0 0 0 0 0 0 0 0 0 0 0 0 0 0 0 0 0 0 0 0 0 0 0 0 0 0 0 0 0 0 0 0 0 0 0 0 0 0 0 0 0 0 0 0 0 0 0 0 0 0 0 0 0 0 0 0 0 0 0 0 0 0 0 0 0 0 0 0 0 0 0 0 0 0 0 0 
0 0 0 0 16 0 0 0 0 0 0 0 0 0 0 0 0 0 0 0 0 0 0 0 0 0 0 0 0 0 0 0 0 0 0 0 0 0 0 0 0 0 0 0 0 0 0 0 0 0 0 0 0 0 0 0 0 0 0 0 0 0 0 0 0 0 0 0 0 0 0 0 0 0 0 0 0 0 0 0 
0 0 0 0 0 8 0 0 0 0 0 0 0 0 0 0 0 0 0 0 0 0 0 0 0 0 0 0 0 0 0 0 0 0 0 0 0 0 0 0 0 0 0 0 0 0 0 0 0 0 0 0 0 0 0 0 0 0 0 0 0 0 0 0 0 0 0 0 0 0 0 0 0 0 0 0 0 0 0 0 
0 0 0 0 0 0 -1 0 0 0 0 0 0 0 0 0 0 0 0 0 0 0 0 0 0 0 0 0 0 0 0 0 0 0 0 0 0 0 0 0 0 0 0 0 0 0 0 0 0 0 0 0 0 0 0 0 0 0 0 0 0 0 0 0 0 0 0 0 0 0 0 0 0 0 0 0 0 0 0 0 
0 0 0 0 0 0 0 -1 0 0 0 0 0 0 0 0 0 0 0 0 0 0 0 0 0 0 0 0 0 0 0 0 0 0 0 0 0 0 0 0 0 0 0 0 0 0 0 0 0 0 0 0 0 0 0 0 0 0 0 0 0 0 0 0 0 0 0 0 0 0 0 0 0 0 0 0 0 0 0 0 
0 0 0 0 0 0 0 0 14 0 0 0 0 0 0 0 0 0 0 0 0 0 0 0 0 0 0 0 0 0 0 0 0 0 0 0 0 0 0 0 0 0 0 0 0 0 0 0 0 0 0 0 0 0 0 0 0 0 0 0 0 0 0 0 0 0 0 0 0 0 0 0 0 0 0 0 0 0 0 0 
0 0 0 0 0 0 0 0 0 6 0 0 0 0 0 0 0 0 0 0 0 0 0 0 0 0 0 0 0 0 0 0 0 0 0 0 0 0 0 0 0 0 0 0 0 0 0 0 0 0 0 0 0 0 0 0 0 0 0 0 0 0 0 0 0 0 0 0 0 0 0 0 0 0 0 0 0 0 0 0 
0 0 0 0 0 0 0 0 0 0 8 0 0 0 0 0 0 0 0 0 0 0 0 0 0 0 0 0 0 0 0 0 0 0 0 0 0 0 0 0 0 0 0 0 0 0 0 0 0 0 0 0 0 0 0 0 0 0 0 0 0 0 0 0 0 0 0 0 0 0 0 0 0 0 0 0 0 0 0 0 
0 0 0 0 0 0 0 0 0 0 0 3 0 0 0 0 0 0 0 0 0 0 0 0 0 0 0 0 0 0 0 0 0 0 0 0 0 0 0 0 0 0 0 0 0 0 0 0 0 0 0 0 0 0 0 0 0 0 0 0 0 0 0 0 0 0 0 0 0 0 0 0 0 0 0 0 0 0 0 0 
0 0 0 0 0 0 0 0 0 0 0 0 8 0 0 0 0 0 0 0 0 0 0 0 0 0 0 0 0 0 0 0 0 0 0 0 0 0 0 0 0 0 0 0 0 0 0 0 0 0 0 0 0 0 0 0 0 0 0 0 0 0 0 0 0 0 0 0 0 0 0 0 0 0 0 0 0 0 0 0 
0 0 0 0 0 0 0 0 0 0 0 0 0 17 0 0 0 0 0 0 0 0 0 0 0 0 0 0 0 0 0 0 0 0 0 0 0 0 0 0 0 0 0 0 0 0 0 0 0 0 0 0 0 0 0 0 0 0 0 0 0 0 0 0 0 0 0 0 0 0 0 0 0 0 0 0 0 0 0 0 
0 0 0 0 0 0 0 0 0 0 0 0 0 0 9 0 0 0 0 0 0 0 0 0 0 0 0 0 0 0 0 0 0 0 0 0 0 0 0 0 0 0 0 0 0 0 0 0 0 0 0 0 0 0 0 0 0 0 0 0 0 0 0 0 0 0 0 0 0 0 0 0 0 0 0 0 0 0 0 0 
0 0 0 0 0 0 0 0 0 0 0 0 0 0 0 3 0 0 0 0 0 0 0 0 0 0 0 0 0 0 0 0 0 0 0 0 0 0 0 0 0 0 0 0 0 0 0 0 0 0 0 0 0 0 0 0 0 0 0 0 0 0 0 0 0 0 0 0 0 0 0 0 0 0 0 0 0 0 0 0 
0 0 0 0 0 0 0 0 0 0 0 0 0 0 0 0 18 0 0 0 0 0 0 0 0 0 0 0 0 0 0 0 0 0 0 0 0 0 0 0 0 0 0 0 0 0 0 0 0 0 0 0 0 0 0 0 0 0 0 0 0 0 0 0 0 0 0 0 0 0 0 0 0 0 0 0 0 0 0 0 
0 0 0 0 0 0 0 0 0 0 0 0 0 0 0 0 0 9 0 0 0 0 0 0 0 0 0 0 0 0 0 0 0 0 0 0 0 0 0 0 0 0 0 0 0 0 0 0 0 0 0 0 0 0 0 0 0 0 0 0 0 0 0 0 0 0 0 0 0 0 0 0 0 0 0 0 0 0 0 0 
0 0 0 0 0 0 0 0 0 0 0 0 0 0 0 0 0 0 16 0 0 0 0 0 0 0 0 0 0 0 0 0 0 0 0 0 0 0 0 0 0 0 0 0 0 0 0 0 0 0 0 0 0 0 0 0 0 0 0 0 0 0 0 0 0 0 0 0 0 0 0 0 0 0 0 0 0 0 0 0 
0 0 0 0 0 0 0 0 0 0 0 0 0 0 0 0 0 0 0 10 0 0 0 0 0 0 0 0 0 0 0 0 0 0 0 0 0 0 0 0 0 0 0 0 0 0 0 0 0 0 0 0 0 0 0 0 0 0 0 0 0 0 0 0 0 0 0 0 0 0 0 0 0 0 0 0 0 0 0 0 
0 0 0 0 0 0 0 0 0 0 0 0 0 0 0 0 0 0 0 0 16 0 0 0 0 0 0 0 0 0 0 0 0 0 0 0 0 0 0 0 0 0 0 0 0 0 0 0 0 0 0 0 0 0 0 0 0 0 0 0 0 0 0 0 0 0 0 0 0 0 0 0 0 0 0 0 0 0 0 0 
0 0 0 0 0 0 0 0 0 0 0 0 0 0 0 0 0 0 0 0 0 7 0 0 0 0 0 0 0 0 0 0 0 0 0 0 0 0 0 0 0 0 0 0 0 0 0 0 0 0 0 0 0 0 0 0 0 0 0 0 0 0 0 0 0 0 0 0 0 0 0 0 0 0 0 0 0 0 0 0 
0 0 0 0 0 0 0 0 0 0 0 0 0 0 0 0 0 0 0 0 0 0 1 0 0 0 0 0 0 0 0 0 0 0 0 0 0 0 0 0 0 0 0 0 0 0 0 0 0 0 0 0 0 0 0 0 0 0 0 0 0 0 0 0 0 0 0 0 0 0 0 0 0 0 0 0 0 0 0 0 
0 0 0 0 0 0 0 0 0 0 0 0 0 0 0 0 0 0 0 0 0 0 0 9 0 0 0 0 0 0 0 0 0 0 0 0 0 0 0 0 0 0 0 0 0 0 0 0 0 0 0 0 0 0 0 0 0 0 0 0 0 0 0 0 0 0 0 0 0 0 0 0 0 0 0 0 0 0 0 0 
0 0 0 0 0 0 0 0 0 0 0 0 0 0 0 0 0 0 0 0 0 0 0 0 17 0 0 0 0 0 0 0 0 0 0 0 0 0 0 0 0 0 0 0 0 0 0 0 0 0 0 0 0 0 0 0 0 0 0 0 0 0 0 0 0 0 0 0 0 0 0 0 0 0 0 0 0 0 0 0 
0 0 0 0 0 0 0 0 0 0 0 0 0 0 0 0 0 0 0 0 0 0 0 0 0 14 0 0 0 0 0 0 0 0 0 0 0 0 0 0 0 0 0 0 0 0 0 0 0 0 0 0 0 0 0 0 0 0 0 0 0 0 0 0 0 0 0 0 0 0 0 0 0 0 0 0 0 0 0 0 
0 0 0 0 0 0 0 0 0 0 0 0 0 0 0 0 0 0 0 0 0 0 0 0 0 0 15 0 0 0 0 0 0 0 0 0 0 0 0 0 0 0 0 0 0 0 0 0 0 0 0 0 0 0 0 0 0 0 0 0 0 0 0 0 0 0 0 0 0 0 0 0 0 0 0 0 0 0 0 0 
0 0 0 0 0 0 0 0 0 0 0 0 0 0 0 0 0 0 0 0 0 0 0 0 0 0 0 17 0 0 0 0 0 0 0 0 0 0 0 0 0 0 0 0 0 0 0 0 0 0 0 0 0 0 0 0 0 0 0 0 0 0 0 0 0 0 0 0 0 0 0 0 0 0 0 0 0 0 0 0 
0 0 0 0 0 0 0 0 0 0 0 0 0 0 0 0 0 0 0 0 0 0 0 0 0 0 0 0 1 0 0 0 0 0 0 0 0 0 0 0 0 0 0 0 0 0 0 0 0 0 0 0 0 0 0 0 0 0 0 0 0 0 0 0 0 0 0 0 0 0 0 0 0 0 0 0 0 0 0 0 
0 0 0 0 0 0 0 0 0 0 0 0 0 0 0 0 0 0 0 0 0 0 0 0 0 0 0 0 0 8 0 0 0 0 0 0 0 0 0 0 0 0 0 0 0 0 0 0 0 0 0 0 0 0 0 0 0 0 0 0 0 0 0 0 0 0 0 0 0 0 0 0 0 0 0 0 0 0 0 0 
0 0 0 0 0 0 0 0 0 0 0 0 0 0 0 0 0 0 0 0 0 0 0 0 0 0 0 0 0 0 11 0 0 0 0 0 0 0 0 0 0 0 0 0 0 0 0 0 0 0 0 0 0 0 0 0 0 0 0 0 0 0 0 0 0 0 0 0 0 0 0 0 0 0 0 0 0 0 0 0 
0 0 0 0 0 0 0 0 0 0 0 0 0 0 0 0 0 0 0 0 0 0 0 0 0 0 0 0 0 0 0 18 0 0 0 0 0 0 0 0 0 0 0 0 0 0 0 0 0 0 0 0 0 0 0 0 0 0 0 0 0 0 0 0 0 0 0 0 0 0 0 0 0 0 0 0 0 0 0 0 
0 0 0 0 0 0 0 0 0 0 0 0 0 0 0 0 0 0 0 0 0 0 0 0 0 0 0 0 0 0 0 0 18 0 0 0 0 0 0 0 0 0 0 0 0 0 0 0 0 0 0 0 0 0 0 0 0 0 0 0 0 0 0 0 0 0 0 0 0 0 0 0 0 0 0 0 0 0 0 0 
0 0 0 0 0 0 0 0 0 0 0 0 0 0 0 0 0 0 0 0 0 0 0 0 0 0 0 0 0 0 0 0 0 11 0 0 0 0 0 0 0 0 0 0 0 0 0 0 0 0 0 0 0 0 0 0 0 0 0 0 0 0 0 0 0 0 0 0 0 0 0 0 0 0 0 0 0 0 0 0 
0 0 0 0 0 0 0 0 0 0 0 0 0 0 0 0 0 0 0 0 0 0 0 0 0 0 0 0 0 0 0 0 0 0 17 0 0 0 0 0 0 0 0 0 0 0 0 0 0 0 0 0 0 0 0 0 0 0 0 0 0 0 0 0 0 0 0 0 0 0 0 0 0 0 0 0 0 0 0 0 
0 0 0 0 0 0 0 0 0 0 0 0 0 0 0 0 0 0 0 0 0 0 0 0 0 0 0 0 0 0 0 0 0 0 0 16 0 0 0 0 0 0 0 0 0 0 0 0 0 0 0 0 0 0 0 0 0 0 0 0 0 0 0 0 0 0 0 0 0 0 0 0 0 0 0 0 0 0 0 0 
0 0 0 0 0 0 0 0 0 0 0 0 0 0 0 0 0 0 0 0 0 0 0 0 0 0 0 0 0 0 0 0 0 0 0 0 10 0 0 0 0 0 0 0 0 0 0 0 0 0 0 0 0 0 0 0 0 0 0 0 0 0 0 0 0 0 0 0 0 0 0 0 0 0 0 0 0 0 0 0 
0 0 0 0 0 0 0 0 0 0 0 0 0 0 0 0 0 0 0 0 0 0 0 0 0 0 0 0 0 0 0 0 0 0 0 0 0 10 0 0 0 0 0 0 0 0 0 0 0 0 0 0 0 0 0 0 0 0 0 0 0 0 0 0 0 0 0 0 0 0 0 0 0 0 0 0 0 0 0 0 
0 0 0 0 0 0 0 0 0 0 0 0 0 0 0 0 0 0 0 0 0 0 0 0 0 0 0 0 0 0 0 0 0 0 0 0 0 0 2 0 0 0 0 0 0 0 0 0 0 0 0 0 0 0 0 0 0 0 0 0 0 0 0 0 0 0 0 0 0 0 0 0 0 0 0 0 0 0 0 0 
0 0 0 0 0 0 0 0 0 0 0 0 0 0 0 0 0 0 0 0 0 0 0 0 0 0 0 0 0 0 0 0 0 0 0 0 0 0 0 19 0 0 0 0 0 0 0 0 0 0 0 0 0 0 0 0 0 0 0 0 0 0 0 0 0 0 0 0 0 0 0 0 0 0 0 0 0 0 0 0 
0 0 0 0 0 0 0 0 0 0 0 0 0 0 0 0 0 0 0 0 0 0 0 0 0 0 0 0 0 0 0 0 0 0 0 0 0 0 0 0 14 0 0 0 0 0 0 0 0 0 0 0 0 0 0 0 0 0 0 0 0 0 0 0 0 0 0 0 0 0 0 0 0 0 0 0 0 0 0 0 
0 0 0 0 0 0 0 0 0 0 0 0 0 0 0 0 0 0 0 0 0 0 0 0 0 0 0 0 0 0 0 0 0 0 0 0 0 0 0 0 0 11 0 0 0 0 0 0 0 0 0 0 0 0 0 0 0 0 0 0 0 0 0 0 0 0 0 0 0 0 0 0 0 0 0 0 0 0 0 0 
0 0 0 0 0 0 0 0 0 0 0 0 0 0 0 0 0 0 0 0 0 0 0 0 0 0 0 0 0 0 0 0 0 0 0 0 0 0 0 0 0 0 14 0 0 0 0 0 0 0 0 0 0 0 0 0 0 0 0 0 0 0 0 0 0 0 0 0 0 0 0 0 0 0 0 0 0 0 0 0 
0 0 0 0 0 0 0 0 0 0 0 0 0 0 0 0 0 0 0 0 0 0 0 0 0 0 0 0 0 0 0 0 0 0 0 0 0 0 0 0 0 0 0 15 0 0 0 0 0 0 0 0 0 0 0 0 0 0 0 0 0 0 0 0 0 0 0 0 0 0 0 0 0 0 0 0 0 0 0 0 
0 0 0 0 0 0 0 0 0 0 0 0 0 0 0 0 0 0 0 0 0 0 0 0 0 0 0 0 0 0 0 0 0 0 0 0 0 0 0 0 0 0 0 0 19 0 0 0 0 0 0 0 0 0 0 0 0 0 0 0 0 0 0 0 0 0 0 0 0 0 0 0 0 0 0 0 0 0 0 0 
0 0 0 0 0 0 0 0 0 0 0 0 0 0 0 0 0 0 0 0 0 0 0 0 0 0 0 0 0 0 0 0 0 0 0 0 0 0 0 0 0 0 0 0 0 18 0 0 0 0 0 0 0 0 0 0 0 0 0 0 0 0 0 0 0 0 0 0 0 0 0 0 0 0 0 0 0 0 0 0 
0 0 0 0 0 0 0 0 0 0 0 0 0 0 0 0 0 0 0 0 0 0 0 0 0 0 0 0 0 0 0 0 0 0 0 0 0 0 0 0 0 0 0 0 0 0 10 0 0 0 0 0 0 0 0 0 0 0 0 0 0 0 0 0 0 0 0 0 0 0 0 0 0 0 0 0 0 0 0 0 
0 0 0 0 0 0 0 0 0 0 0 0 0 0 0 0 0 0 0 0 0 0 0 0 0 0 0 0 0 0 0 0 0 0 0 0 0 0 0 0 0 0 0 0 0 0 0 5 0 0 0 0 0 0 0 0 0 0 0 0 0 0 0 0 0 0 0 0 0 0 0 0 0 0 0 0 0 0 0 0 
0 0 0 0 0 0 0 0 0 0 0 0 0 0 0 0 0 0 0 0 0 0 0 0 0 0 0 0 0 0 0 0 0 0 0 0 0 0 0 0 0 0 0 0 0 0 0 0 11 0 0 0 0 0 0 0 0 0 0 0 0 0 0 0 0 0 0 0 0 0 0 0 0 0 0 0 0 0 0 0 
0 0 0 0 0 0 0 0 0 0 0 0 0 0 0 0 0 0 0 0 0 0 0 0 0 0 0 0 0 0 0 0 0 0 0 0 0 0 0 0 0 0 0 0 0 0 0 0 0 20 0 0 0 0 0 0 0 0 0 0 0 0 0 0 0 0 0 0 0 0 0 0 0 0 0 0 0 0 0 0 
0 0 0 0 0 0 0 0 0 0 0 0 0 0 0 0 0 0 0 0 0 0 0 0 0 0 0 0 0 0 0 0 0 0 0 0 0 0 0 0 0 0 0 0 0 0 0 0 0 0 20 0 0 0 0 0 0 0 0 0 0 0 0 0 0 0 0 0 0 0 0 0 0 0 0 0 0 0 0 0 
0 0 0 0 0 0 0 0 0 0 0 0 0 0 0 0 0 0 0 0 0 0 0 0 0 0 0 0 0 0 0 0 0 0 0 0 0 0 0 0 0 0 0 0 0 0 0 0 0 0 0 18 0 0 0 0 0 0 0 0 0 0 0 0 0 0 0 0 0 0 0 0 0 0 0 0 0 0 0 0 
0 0 0 0 0 0 0 0 0 0 0 0 0 0 0 0 0 0 0 0 0 0 0 0 0 0 0 0 0 0 0 0 0 0 0 0 0 0 0 0 0 0 0 0 0 0 0 0 0 0 0 0 20 0 0 0 0 0 0 0 0 0 0 0 0 0 0 0 0 0 0 0 0 0 0 0 0 0 0 0 
0 0 0 0 0 0 0 0 0 0 0 0 0 0 0 0 0 0 0 0 0 0 0 0 0 0 0 0 0 0 0 0 0 0 0 0 0 0 0 0 0 0 0 0 0 0 0 0 0 0 0 0 0 4 0 0 0 0 0 0 0 0 0 0 0 0 0 0 0 0 0 0 0 0 0 0 0 0 0 0 
0 0 0 0 0 0 0 0 0 0 0 0 0 0 0 0 0 0 0 0 0 0 0 0 0 0 0 0 0 0 0 0 0 0 0 0 0 0 0 0 0 0 0 0 0 0 0 0 0 0 0 0 0 0 18 0 0 0 0 0 0 0 0 0 0 0 0 0 0 0 0 0 0 0 0 0 0 0 0 0 
0 0 0 0 0 0 0 0 0 0 0 0 0 0 0 0 0 0 0 0 0 0 0 0 0 0 0 0 0 0 0 0 0 0 0 0 0 0 0 0 0 0 0 0 0 0 0 0 0 0 0 0 0 0 0 13 0 0 0 0 0 0 0 0 0 0 0 0 0 0 0 0 0 0 0 0 0 0 0 0 
0 0 0 0 0 0 0 0 0 0 0 0 0 0 0 0 0 0 0 0 0 0 0 0 0 0 0 0 0 0 0 0 0 0 0 0 0 0 0 0 0 0 0 0 0 0 0 0 0 0 0 0 0 0 0 0 20 0 0 0 0 0 0 0 0 0 0 0 0 0 0 0 0 0 0 0 0 0 0 0 
0 0 0 0 0 0 0 0 0 0 0 0 0 0 0 0 0 0 0 0 0 0 0 0 0 0 0 0 0 0 0 0 0 0 0 0 0 0 0 0 0 0 0 0 0 0 0 0 0 0 0 0 0 0 0 0 0 12 0 0 0 0 0 0 0 0 0 0 0 0 0 0 0 0 0 0 0 0 0 0 
0 0 0 0 0 0 0 0 0 0 0 0 0 0 0 0 0 0 0 0 0 0 0 0 0 0 0 0 0 0 0 0 0 0 0 0 0 0 0 0 0 0 0 0 0 0 0 0 0 0 0 0 0 0 0 0 0 0 15 0 0 0 0 0 0 0 0 0 0 0 0 0 0 0 0 0 0 0 0 0 
0 0 0 0 0 0 0 0 0 0 0 0 0 0 0 0 0 0 0 0 0 0 0 0 0 0 0 0 0 0 0 0 0 0 0 0 0 0 0 0 0 0 0 0 0 0 0 0 0 0 0 0 0 0 0 0 0 0 0 8 0 0 0 0 0 0 0 0 0 0 0 0 0 0 0 0 0 0 0 0 
0 0 0 0 0 0 0 0 0 0 0 0 0 0 0 0 0 0 0 0 0 0 0 0 0 0 0 0 0 0 0 0 0 0 0 0 0 0 0 0 0 0 0 0 0 0 0 0 0 0 0 0 0 0 0 0 0 0 0 0 2 0 0 0 0 0 0 0 0 0 0 0 0 0 0 0 0 0 0 0 
0 0 0 0 0 0 0 0 0 0 0 0 0 0 0 0 0 0 0 0 0 0 0 0 0 0 0 0 0 0 0 0 0 0 0 0 0 0 0 0 0 0 0 0 0 0 0 0 0 0 0 0 0 0 0 0 0 0 0 0 0 10 0 0 0 0 0 0 0 0 0 0 0 0 0 0 0 0 0 0 
0 0 0 0 0 0 0 0 0 0 0 0 0 0 0 0 0 0 0 0 0 0 0 0 0 0 0 0 0 0 0 0 0 0 0 0 0 0 0 0 0 0 0 0 0 0 0 0 0 0 0 0 0 0 0 0 0 0 0 0 0 0 3 0 0 0 0 0 0 0 0 0 0 0 0 0 0 0 0 0 
0 0 0 0 0 0 0 0 0 0 0 0 0 0 0 0 0 0 0 0 0 0 0 0 0 0 0 0 0 0 0 0 0 0 0 0 0 0 0 0 0 0 0 0 0 0 0 0 0 0 0 0 0 0 0 0 0 0 0 0 0 0 0 12 0 0 0 0 0 0 0 0 0 0 0 0 0 0 0 0 
0 0 0 0 0 0 0 0 0 0 0 0 0 0 0 0 0 0 0 0 0 0 0 0 0 0 0 0 0 0 0 0 0 0 0 0 0 0 0 0 0 0 0 0 0 0 0 0 0 0 0 0 0 0 0 0 0 0 0 0 0 0 0 0 6 0 0 0 0 0 0 0 0 0 0 0 0 0 0 0 
0 0 0 0 0 0 0 0 0 0 0 0 0 0 0 0 0 0 0 0 0 0 0 0 0 0 0 0 0 0 0 0 0 0 0 0 0 0 0 0 0 0 0 0 0 0 0 0 0 0 0 0 0 0 0 0 0 0 0 0 0 0 0 0 0 20 0 0 0 0 0 0 0 0 0 0 0 0 0 0 
0 0 0 0 0 0 0 0 0 0 0 0 0 0 0 0 0 0 0 0 0 0 0 0 0 0 0 0 0 0 0 0 0 0 0 0 0 0 0 0 0 0 0 0 0 0 0 0 0 0 0 0 0 0 0 0 0 0 0 0 0 0 0 0 0 0 2 0 0 0 0 0 0 0 0 0 0 0 0 0 
0 0 0 0 0 0 0 0 0 0 0 0 0 0 0 0 0 0 0 0 0 0 0 0 0 0 0 0 0 0 0 0 0 0 0 0 0 0 0 0 0 0 0 0 0 0 0 0 0 0 0 0 0 0 0 0 0 0 0 0 0 0 0 0 0 0 0 18 0 0 0 0 0 0 0 0 0 0 0 0 
0 0 0 0 0 0 0 0 0 0 0 0 0 0 0 0 0 0 0 0 0 0 0 0 0 0 0 0 0 0 0 0 0 0 0 0 0 0 0 0 0 0 0 0 0 0 0 0 0 0 0 0 0 0 0 0 0 0 0 0 0 0 0 0 0 0 0 0 -1 0 0 0 0 0 0 0 0 0 0 0 
0 0 0 0 0 0 0 0 0 0 0 0 0 0 0 0 0 0 0 0 0 0 0 0 0 0 0 0 0 0 0 0 0 0 0 0 0 0 0 0 0 0 0 0 0 0 0 0 0 0 0 0 0 0 0 0 0 0 0 0 0 0 0 0 0 0 0 0 0 9 0 0 0 0 0 0 0 0 0 0 
0 0 0 0 0 0 0 0 0 0 0 0 0 0 0 0 0 0 0 0 0 0 0 0 0 0 0 0 0 0 0 0 0 0 0 0 0 0 0 0 0 0 0 0 0 0 0 0 0 0 0 0 0 0 0 0 0 0 0 0 0 0 0 0 0 0 0 0 0 0 11 0 0 0 0 0 0 0 0 0 
0 0 0 0 0 0 0 0 0 0 0 0 0 0 0 0 0 0 0 0 0 0 0 0 0 0 0 0 0 0 0 0 0 0 0 0 0 0 0 0 0 0 0 0 0 0 0 0 0 0 0 0 0 0 0 0 0 0 0 0 0 0 0 0 0 0 0 0 0 0 0 13 0 0 0 0 0 0 0 0 
0 0 0 0 0 0 0 0 0 0 0 0 0 0 0 0 0 0 0 0 0 0 0 0 0 0 0 0 0 0 0 0 0 0 0 0 0 0 0 0 0 0 0 0 0 0 0 0 0 0 0 0 0 0 0 0 0 0 0 0 0 0 0 0 0 0 0 0 0 0 0 0 2 0 0 0 0 0 0 0 
0 0 0 0 0 0 0 0 0 0 0 0 0 0 0 0 0 0 0 0 0 0 0 0 0 0 0 0 0 0 0 0 0 0 0 0 0 0 0 0 0 0 0 0 0 0 0 0 0 0 0 0 0 0 0 0 0 0 0 0 0 0 0 0 0 0 0 0 0 0 0 0 0 7 0 0 0 0 0 0 
0 0 0 0 0 0 0 0 0 0 0 0 0 0 0 0 0 0 0 0 0 0 0 0 0 0 0 0 0 0 0 0 0 0 0 0 0 0 0 0 0 0 0 0 0 0 0 0 0 0 0 0 0 0 0 0 0 0 0 0 0 0 0 0 0 0 0 0 0 0 0 0 0 0 9 0 0 0 0 0 
0 0 0 0 0 0 0 0 0 0 0 0 0 0 0 0 0 0 0 0 0 0 0 0 0 0 0 0 0 0 0 0 0 0 0 0 0 0 0 0 0 0 0 0 0 0 0 0 0 0 0 0 0 0 0 0 0 0 0 0 0 0 0 0 0 0 0 0 0 0 0 0 0 0 0 11 0 0 0 0 
0 0 0 0 0 0 0 0 0 0 0 0 0 0 0 0 0 0 0 0 0 0 0 0 0 0 0 0 0 0 0 0 0 0 0 0 0 0 0 0 0 0 0 0 0 0 0 0 0 0 0 0 0 0 0 0 0 0 0 0 0 0 0 0 0 0 0 0 0 0 0 0 0 0 0 0 14 0 0 0 
0 0 0 0 0 0 0 0 0 0 0 0 0 0 0 0 0 0 0 0 0 0 0 0 0 0 0 0 0 0 0 0 0 0 0 0 0 0 0 0 0 0 0 0 0 0 0 0 0 0 0 0 0 0 0 0 0 0 0 0 0 0 0 0 0 0 0 0 0 0 0 0 0 0 0 0 0 -1 0 0 
0 0 0 0 0 0 0 0 0 0 0 0 0 0 0 0 0 0 0 0 0 0 0 0 0 0 0 0 0 0 0 0 0 0 0 0 0 0 0 0 0 0 0 0 0 0 0 0 0 0 0 0 0 0 0 0 0 0 0 0 0 0 0 0 0 0 0 0 0 0 0 0 0 0 0 0 0 0 10 0 
0 0 0 0 0 0 0 0 0 0 0 0 0 0 0 0 0 0 0 0 0 0 0 0 0 0 0 0 0 0 0 0 0 0 0 0 0 0 0 0 0 0 0 0 0 0 0 0 0 0 0 0 0 0 0 0 0 0 0 0 0 0 0 0 0 0 0 0 0 0 0 0 0 0 0 0 0 0 0 11 
0 0 0 0 0 0 0 0 0 0 0 0 0 0 0 0 0 0 0 0 0 0 0 0 0 0 0 0 0 0 0 0 0 0 0 0 0 0 0 0 0 0 0 0 0 0 0 0 0 0 0 0 0 0 0 0 0 0 0 0 0 0 0 0 0 0 0 0 0 0 0 0 0 0 0 0 0 0 0 0 
0 0 0 0 0 0 0 0 0 0 0 0 0 0 0 0 0 0 0 0 0 0 0 0 0 0 0 0 0 0 0 0 0 0 0 0 0 0 0 0 0 0 0 0 0 0 0 0 0 0 0 0 0 0 0 0 0 0 0 0 0 0 0 0 0 0 0 0 0 0 0 0 0 0 0 0 0 0 0 0 
0 0 0 0 0 0 0 0 0 0 0 0 0 0 0 0 0 0 0 0 0 0 0 0 0 0 0 0 0 0 0 0 0 0 0 0 0 0 0 0 0 0 0 0 0 0 0 0 0 0 0 0 0 0 0 0 0 0 0 0 0 0 0 0 0 0 0 0 0 0 0 0 0 0 0 0 0 0 0 0 
0 0 0 0 0 0 0 0 0 0 0 0 0 0 0 0 0 0 0 0 0 0 0 0 0 0 0 0 0 0 0 0 0 0 0 0 0 0 0 0 0 0 0 0 0 0 0 0 0 0 0 0 0 0 0 0 0 0 0 0 0 0 0 0 0 0 0 0 0 0 0 0 0 0 0 0 0 0 0 0 
0 0 0 0 0 0 0 0 0 0 0 0 0 0 0 0 0 0 0 0 0 0 0 0 0 0 0 0 0 0 0 0 0 0 0 0 0 0 0 0 0 0 0 0 0 0 0 0 0 0 0 0 0 0 0 0 0 0 0 0 0 0 0 0 0 0 0 0 0 0 0 0 0 0 0 0 0 0 0 0 
0 0 0 0 0 0 0 0 0 0 0 0 0 0 0 0 0 0 0 0 0 0 0 0 0 0 0 0 0 0 0 0 0 0 0 0 0 0 0 0 0 0 0 0 0 0 0 0 0 0 0 0 0 0 0 0 0 0 0 0 0 0 0 0 0 0 0 0 0 0 0 0 0 0 0 0 0 0 0 0 
0 0 0 0 0 0 0 0 0 0 0 0 0 0 0 0 0 0 0 0 0 0 0 0 0 0 0 0 0 0 0 0 0 0 0 0 0 0 0 0 0 0 0 0 0 0 0 0 0 0 0 0 0 0 0 0 0 0 0 0 0 0 0 0 0 0 0 0 0 0 0 0 0 0 0 0 0 0 0 0 
0 0 0 0 0 0 0 0 0 0 0 0 0 0 0 0 0 0 0 0 0 0 0 0 0 0 0 0 0 0 0 0 0 0 0 0 0 0 0 0 0 0 0 0 0 0 0 0 0 0 0 0 0 0 0 0 0 0 0 0 0 0 0 0 0 0 0 0 0 0 0 0 0 0 0 0 0 0 0 0 
0 0 0 0 0 0 0 0 0 0 0 0 0 0 0 0 0 0 0 0 0 0 0 0 0 0 0 0 0 0 0 0 0 0 0 0 0 0 0 0 0 0 0 0 0 0 0 0 0 0 0 0 0 0 0 0 0 0 0 0 0 0 0 0 0 0 0 0 0 0 0 0 0 0 0 0 0 0 0 0 
0 0 0 0 0 0 0 0 0 0 0 0 0 0 0 0 0 0 0 0 0 0 0 0 0 0 0 0 0 0 0 0 0 0 0 0 0 0 0 0 0 0 0 0 0 0 0 0 0 0 0 0 0 0 0 0 0 0 0 0 0 0 0 0 0 0 0 0 0 0 0 0 0 0 0 0 0 0 0 0 
0 0 0 0 0 0 0 0 0 0 0 0 0 0 0 0 0 0 0 0 0 0 0 0 0 0 0 0 0 0 0 0 0 0 0 0 0 0 0 0 0 0 0 0 0 0 0 0 0 0 0 0 0 0 0 0 0 0 0 0 0 0 0 0 0 0 0 0 0 0 0 0 0 0 0 0 0 0 0 0 
0 0 0 0 0 0 0 0 0 0 0 0 0 0 0 0 0 0 0 0 0 0 0 0 0 0 0 0 0 0 0 0 0 0 0 0 0 0 0 0 0 0 0 0 0 0 0 0 0 0 0 0 0 0 0 0 0 0 0 0 0 0 0 0 0 0 0 0 0 0 0 0 0 0 0 0 0 0 0 0 
0 0 0 0 0 0 0 0 0 0 0 0 0 0 0 0 0 0 0 0 0 0 0 0 0 0 0 0 0 0 0 0 0 0 0 0 0 0 0 0 0 0 0 0 0 0 0 0 0 0 0 0 0 0 0 0 0 0 0 0 0 0 0 0 0 0 0 0 0 0 0 0 0 0 0 0 0 0 0 0 
0 0 0 0 0 0 0 0 0 0 0 0 0 0 0 0 0 0 0 0 0 0 0 0 0 0 0 0 0 0 0 0 0 0 0 0 0 0 0 0 0 0 0 0 0 0 0 0 0 0 0 0 0 0 0 0 0 0 0 0 0 0 0 0 0 0 0 0 0 0 0 0 0 0 0 0 0 0 0 0 
0 0 0 0 0 0 0 0 0 0 0 0 0 0 0 0 0 0 0 0 0 0 0 0 0 0 0 0 0 0 0 0 0 0 0 0 0 0 0 0 0 0 0 0 0 0 0 0 0 0 0 0 0 0 0 0 0 0 0 0 0 0 0 0 0 0 0 0 0 0 0 0 0 0 0 0 0 0 0 0 
0 0 0 0 0 0 0 0 0 0 0 0 0 0 0 0 0 0 0 0 0 0 0 0 0 0 0 0 0 0 0 0 0 0 0 0 0 0 0 0 0 0 0 0 0 0 0 0 0 0 0 0 0 0 0 0 0 0 0 0 0 0 0 0 0 0 0 0 0 0 0 0 0 0 0 0 0 0 0 0 
0 0 0 0 0 0 0 0 0 0 0 0 0 0 0 0 0 0 0 0 0 0 0 0 0 0 0 0 0 0 0 0 0 0 0 0 0 0 0 0 0 0 0 0 0 0 0 0 0 0 0 0 0 0 0 0 0 0 0 0 0 0 0 0 0 0 0 0 0 0 0 0 0 0 0 0 0 0 0 0 
0 0 0 0 0 0 0 0 0 0 0 0 0 0 0 0 0 0 0 0 0 0 0 0 0 0 0 0 0 0 0 0 0 0 0 0 0 0 0 0 0 0 0 0 0 0 0 0 0 0 0 0 0 0 0 0 0 0 0 0 0 0 0 0 0 0 0 0 0 0 0 0 0 0 0 0 0 0 0 0 
0 0 0 0 0 0 0 0 0 0 0 0 0 0 0 0 0 0 0 0 0 0 0 0 0 0 0 0 0 0 0 0 0 0 0 0 0 0 0 0 0 0 0 0 0 0 0 0 0 0 0 0 0 0 0 0 0 0 0 0 0 0 0 0 0 0 0 0 0 0 0 0 0 0 0 0 0 0 0 0 
0 0 0 0 0 0 0 0 0 0 0 0 0 0 0 0 0 0 0 0 0 0 0 0 0 0 0 0 0 0 0 0 0 0 0 0 0 0 0 0 0 0 0 0 0 0 0 0 0 0 0 0 0 0 0 0 0 0 0 0 0 0 0 0 0 0 0 0 0 0 0 0 0 0 0 0 0 0 0 0 
0 0 0 0 0 0 0 0 0 0 0 0 0 0 0 0 0 0 0 0 0 0 0 0 0 0 0 0 0 0 0 0 0 0 0 0 0 0 0 0 0 0 0 0 0 0 0 0 0 0 0 0 0 0 0 0 0 0 0 0 0 0 0 0 0 0 0 0 0 0 0 0 0 0 0 0 0 0 0 0 
0 0 0 0 0 0 0 0 0 0 0 0 0 0 0 0 0 0 0 0 0 0 0 0 0 0 0 0 0 0 0 0 0 0 0 0 0 0 0 0 0 0 0 0 0 0 0 0 0 0 0 0 0 0 0 0 0 0 0 0 0 0 0 0 0 0 0 0 0 0 0 0 0 0 0 0 0 0 0 0 
0 0 0 0 0 0 0 0 0 0 0 0 0 0 0 0 0 0 0 0 0 0 0 0 0 0 0 0 0 0 0 0 0 0 0 0 0 0 0 0 0 0 0 0 0 0 0 0 0 0 0 0 0 0 0 0 0 0 0 0 0 0 0 0 0 0 0 0 0 0 0 0 0 0 0 0 0 0 0 0 
0 0 0 0 0 0 0 0 0 0 0 0 0 0 0 0 0 0 0 0 0 0 0 0 0 0 0 0 0 0 0 0 0 0 0 0 0 0 0 0 0 0 0 0 0 0 0 0 0 0 0 0 0 0 0 0 0 0 0 0 0 0 0 0 0 0 0 0 0 0 0 0 0 0 0 0 0 0 0 0 
0 0 0 0 0 0 0 0 0 0 0 0 0 0 0 0 0 0 0 0 0 0 0 0 0 0 0 0 0 0 0 0 0 0 0 0 0 0 0 0 0 0 0 0 0 0 0 0 0 0 0 0 0 0 0 0 0 0 0 0 0 0 0 0 0 0 0 0 0 0 0 0 0 0 0 0 0 0 0 0 
0 0 0 0 0 0 0 0 0 0 0 0 0 0 0 0 0 0 0 0 0 0 0 0 0 0 0 0 0 0 0 0 0 0 0 0 0 0 0 0 0 0 0 0 0 0 0 0 0 0 0 0 0 0 0 0 0 0 0 0 0 0 0 0 0 0 0 0 0 0 0 0 0 0 0 0 0 0 0 0 
0 0 0 0 0 0 0 0 0 0 0 0 0 0 0 0 0 0 0 0 0 0 0 0 0 0 0 0 0 0 0 0 0 0 0 0 0 0 0 0 0 0 0 0 0 0 0 0 0 0 0 0 0 0 0 0 0 0 0 0 0 0 0 0 0 0 0 0 0 0 0 0 0 0 0 0 0 0 0 0 
0 0 0 0 0 0 0 0 0 0 0 0 0 0 0 0 0 0 0 0 0 0 0 0 0 0 0 0 0 0 0 0 0 0 0 0 0 0 0 0 0 0 0 0 0 0 0 0 0 0 0 0 0 0 0 0 0 0 0 0 0 0 0 0 0 0 0 0 0 0 0 0 0 0 0 0 0 0 0 0 
0 0 0 0 0 0 0 0 0 0 0 0 0 0 0 0 0 0 0 0 0 0 0 0 0 0 0 0 0 0 0 0 0 0 0 0 0 0 0 0 0 0 0 0 0 0 0 0 0 0 0 0 0 0 0 0 0 0 0 0 0 0 0 0 0 0 0 0 0 0 0 0 0 0 0 0 0 0 0 0 
0 0 0 0 0 0 0 0 0 0 0 0 0 0 0 0 0 0 0 0 0 0 0 0 0 0 0 0 0 0 0 0 0 0 0 0 0 0 0 0 0 0 0 0 0 0 0 0 0 0 0 0 0 0 0 0 0 0 0 0 0 0 0 0 0 0 0 0 0 0 0 0 0 0 0 0 0 0 0 0 
0 0 0 0 0 0 0 0 0 0 0 0 0 0 0 0 0 0 0 0 0 0 0 0 0 0 0 0 0 0 0 0 0 0 0 0 0 0 0 0 0 0 0 0 0 0 0 0 0 0 0 0 0 0 0 0 0 0 0 0 0 0 0 0 0 0 0 0 0 0 0 0 0 0 0 0 0 0 0 0 
0 0 0 0 0 0 0 0 0 0 0 0 0 0 0 0 0 0 0 0 0 0 0 0 0 0 0 0 0 0 0 0 0 0 0 0 0 0 0 0 0 0 0 0 0 0 0 0 0 0 0 0 0 0 0 0 0 0 0 0 0 0 0 0 0 0 0 0 0 0 0 0 0 0 0 0 0 0 0 0 
0 0 0 0 0 0 0 0 0 0 0 0 0 0 0 0 0 0 0 0 0 0 0 0 0 0 0 0 0 0 0 0 0 0 0 0 0 0 0 0 0 0 0 0 0 0 0 0 0 0 0 0 0 0 0 0 0 0 0 0 0 0 0 0 0 0 0 0 0 0 0 0 0 0 0 0 0 0 0 0 
0 0 0 0 0 0 0 0 0 0 0 0 0 0 0 0 0 0 0 0 0 0 0 0 0 0 0 0 0 0 0 0 0 0 0 0 0 0 0 0 0 0 0 0 0 0 0 0 0 0 0 0 0 0 0 0 0 0 0 0 0 0 0 0 0 0 0 0 0 0 0 0 0 0 0 0 0 0 0 0 
0 0 0 0 0 0 0 0 0 0 0 0 0 0 0 0 0 0 0 0 0 0 0 0 0 0 0 0 0 0 0 0 0 0 0 0 0 0 0 0 0 0 0 0 0 0 0 0 0 0 0 0 0 0 0 0 0 0 0 0 0 0 0 0 0 0 0 0 0 0 0 0 0 0 0 0 0 0 0 0 
0 0 0 0 0 0 0 0 0 0 0 0 0 0 0 0 0 0 0 0 0 0 0 0 0 0 0 0 0 0 0 0 0 0 0 0 0 0 0 0 0 0 0 0 0 0 0 0 0 0 0 0 0 0 0 0 0 0 0 0 0 0 0 0 0 0 0 0 0 0 0 0 0 0 0 0 0 0 0 0 
0 0 0 0 0 0 0 0 0 0 0 0 0 0 0 0 0 0 0 0 0 0 0 0 0 0 0 0 0 0 0 0 0 0 0 0 0 0 0 0 0 0 0 0 0 0 0 0 0 0 0 0 0 0 0 0 0 0 0 0 0 0 0 0 0 0 0 0 0 0 0 0 0 0 0 0 0 0 0 0 
0 0 0 0 0 0 0 0 0 0 0 0 0 0 0 0 0 0 0 0 0 0 0 0 0 0 0 0 0 0 0 0 0 0 0 0 0 0 0 0 0 0 0 0 0 0 0 0 0 0 0 0 0 0 0 0 0 0 0 0 0 0 0 0 0 0 0 0 0 0 0 0 0 0 0 0 0 0 0 0 
0 0 0 0 0 0 0 0 0 0 0 0 0 0 0 0 0 0 0 0 0 0 0 0 0 0 0 0 0 0 0 0 0 0 0 0 0 0 0 0 0 0 0 0 0 0 0 0 0 0 0 0 0 0 0 0 0 0 0 0 0 0 0 0 0 0 0 0 0 0 0 0 0 0 0 0 0 0 0 0 
0 0 0 0 0 0 0 0 0 0 0 0 0 0 0 0 0 0 0 0 0 0 0 0 0 0 0 0 0 0 0 0 0 0 0 0 0 0 0 0 0 0 0 0 0 0 0 0 0 0 0 0 0 0 0 0 0 0 0 0 0 0 0 0 0 0 0 0 0 0 0 0 0 0 0 0 0 0 0 0 
0 0 0 0 0 0 0 0 0 0 0 0 0 0 0 0 0 0 0 0 0 0 0 0 0 0 0 0 0 0 0 0 0 0 0 0 0 0 0 0 0 0 0 0 0 0 0 0 0 0 0 0 0 0 0 0 0 0 0 0 0 0 0 0 0 0 0 0 0 0 0 0 0 0 0 0 0 0 0 0 
0 0 0 0 0 0 0 0 0 0 0 0 0 0 0 0 0 0 0 0 0 0 0 0 0 0 0 0 0 0 0 0 0 0 0 0 0 0 0 0 0 0 0 0 0 0 0 0 0 0 0 0 0 0 0 0 0 0 0 0 0 0 0 0 0 0 0 0 0 0 0 0 0 0 0 0 0 0 0 0 
0 0 0 0 0 0 0 0 0 0 0 0 0 0 0 0 0 0 0 0 0 0 0 0 0 0 0 0 0 0 0 0 0 0 0 0 0 0 0 0 0 0 0 0 0 0 0 0 0 0 0 0 0 0 0 0 0 0 0 0 0 0 0 0 0 0 0 0 0 0 0 0 0 0 0 0 0 0 0 0 
0 0 0 0 0 0 0 0 0 0 0 0 0 0 0 0 0 0 0 0 0 0 0 0 0 0 0 0 0 0 0 0 0 0 0 0 0 0 0 0 0 0 0 0 0 0 0 0 0 0 0 0 0 0 0 0 0 0 0 0 0 0 0 0 0 0 0 0 0 0 0 0 0 0 0 0 0 0 0 0 
0 0 0 0 0 0 0 0 0 0 0 0 0 0 0 0 0 0 0 0 0 0 0 0 0 0 0 0 0 0 0 0 0 0 0 0 0 0 0 0 0 0 0 0 0 0 0 0 0 0 0 0 0 0 0 0 0 0 0 0 0 0 0 0 0 0 0 0 0 0 0 0 0 0 0 0 0 0 0 0 
0 0 0 0 0 0 0 0 0 0 0 0 0 0 0 0 0 0 0 0 0 0 0 0 0 0 0 0 0 0 0 0 0 0 0 0 0 0 0 0 0 0 0 0 0 0 0 0 0 0 0 0 0 0 0 0 0 0 0 0 0 0 0 0 0 0 0 0 0 0 0 0 0 0 0 0 0 0 0 0 
0 0 0 0 0 0 0 0 0 0 0 0 0 0 0 0 0 0 0 0 0 0 0 0 0 0 0 0 0 0 0 0 0 0 0 0 0 0 0 0 0 0 0 0 0 0 0 0 0 0 0 0 0 0 0 0 0 0 0 0 0 0 0 0 0 0 0 0 0 0 0 0 0 0 0 0 0 0 0 0 
0 0 0 0 0 0 0 0 0 0 0 0 0 0 0 0 0 0 0 0 0 0 0 0 0 0 0 0 0 0 0 0 0 0 0 0 0 0 0 0 0 0 0 0 0 0 0 0 0 0 0 0 0 0 0 0 0 0 0 0 0 0 0 0 0 0 0 0 0 0 0 0 0 0 0 0 0 0 0 0 
0 0 0 0 0 0 0 0 0 0 0 0 0 0 0 0 0 0 0 0 0 0 0 0 0 0 0 0 0 0 0 0 0 0 0 0 0 0 0 0 0 0 0 0 0 0 0 0 0 0 0 0 0 0 0 0 0 0 0 0 0 0 0 0 0 0 0 0 0 0 0 0 0 0 0 0 0 0 0 0 
0 0 0 0 0 0 0 0 0 0 0 0 0 0 0 0 0 0 0 0 0 0 0 0 0 0 0 0 0 0 0 0 0 0 0 0 0 0 0 0 0 0 0 0 0 0 0 0 0 0 0 0 0 0 0 0 0 0 0 0 0 0 0 0 0 0 0 0 0 0 0 0 0 0 0 0 0 0 0 0 
0 0 0 0 0 0 0 0 0 0 0 0 0 0 0 0 0 0 0 0 0 0 0 0 0 0 0 0 0 0 0 0 0 0 0 0 0 0 0 0 0 0 0 0 0 0 0 0 0 0 0 0 0 0 0 0 0 0 0 0 0 0 0 0 0 0 0 0 0 0 0 0 0 0 0 0 0 0 0 0 
0 0 0 0 0 0 0 0 0 0 0 0 0 0 0 0 0 0 0 0 0 0 0 0 0 0 0 0 0 0 0 0 0 0 0 0 0 0 0 0 0 0 0 0 0 0 0 0 0 0 0 0 0 0 0 0 0 0 0 0 0 0 0 0 0 0 0 0 0 0 0 0 0 0 0 0 0 0 0 0 
0 0 0 0 0 0 0 0 0 0 0 0 0 0 0 0 0 0 0 0 0 0 0 0 0 0 0 0 0 0 0 0 0 0 0 0 0 0 0 0 0 0 0 0 0 0 0 0 0 0 0 0 0 0 0 0 0 0 0 0 0 0 0 0 0 0 0 0 0 0 0 0 0 0 0 0 0 0 0 0 
0 0 0 0 0 0 0 0 0 0 0 0 0 0 0 0 0 0 0 0 0 0 0 0 0 0 0 0 0 0 0 0 0 0 0 0 0 0 0 0 0 0 0 0 0 0 0 0 0 0 0 0 0 0 0 0 0 0 0 0 0 0 0 0 0 0 0 0 0 0 0 0 0 0 0 0 0 0 0 0 
0 0 0 0 0 0 0 0 0 0 0 0 0 0 0 0 0 0 0 0 0 0 0 0 0 0 0 0 0 0 0 0 0 0 0 0 0 0 0 0 0 0 0 0 0 0 0 0 0 0 0 0 0 0 0 0 0 0 0 0 0 0 0 0 0 0 0 0 0 0 0 0 0 0 0 0 0 0 0 0 
0 0 0 0 0 0 0 0 0 0 0 0 0 0 0 0 0 0 0 0 0 0 0 0 0 0 0 0 0 0 0 0 0 0 0 0 0 0 0 0 0 0 0 0 0 0 0 0 0 0 0 0 0 0 0 0 0 0 0 0 0 0 0 0 0 0 0 0 0 0 0 0 0 0 0 0 0 0 0 0 
0 0 0 0 0 0 0 0 0 0 0 0 0 0 0 0 0 0 0 0 0 0 0 0 0 0 0 0 0 0 0 0 0 0 0 0 0 0 0 0 0 0 0 0 0 0 0 0 0 0 0 0 0 0 0 0 0 0 0 0 0 0 0 0 0 0 0 0 0 0 0 0 0 0 0 0 0 0 0 0 
0 0 0 0 0 0 0 0 0 0 0 0 0 0 0 0 0 0 0 0 0 0 0 0 0 0 0 0 0 0 0 0 0 0 0 0 0 0 0 0 0 0 0 0 0 0 0 0 0 0 0 0 0 0 0 0 0 0 0 0 0 0 0 0 0 0 0 0 0 0 0 0 0 0 0 0 0 0 0 0 
0 0 0 0 0 0 0 0 0 0 0 0 0 0 0 0 0 0 0 0 0 0 0 0 0 0 0 0 0 0 0 0 0 0 0 0 0 0 0 0 0 0 0 0 0 0 0 0 0 0 0 0 0 0 0 0 0 0 0 0 0 0 0 0 0 0 0 0 0 0 0 0 0 0 0 0 0 0 0 0 
0 0 0 0 0 0 0 0 0 0 0 0 0 0 0 0 0 0 0 0 0 0 0 0 0 0 0 0 0 0 0 0 0 0 0 0 0 0 0 0 0 0 0 0 0 0 0 0 0 0 0 0 0 0 0 0 0 0 0 0 0 0 0 0 0 0 0 0 0 0 0 0 0 0 0 0 0 0 0 0 
0 0 0 0 0 0 0 0 0 0 0 0 0 0 0 0 0 0 0 0 0 0 0 0 0 0 0 0 0 0 0 0 0 0 0 0 0 0 0 0 0 0 0 0 0 0 0 0 0 0 0 0 0 0 0 0 0 0 0 0 0 0 0 0 0 0 0 0 0 0 0 0 0 0 0 0 0 0 0 0 
0 0 0 0 0 0 0 0 0 0 0 0 0 0 0 0 0 0 0 0 0 0 0 0 0 0 0 0 0 0 0 0 0 0 0 0 0 0 0 0 0 0 0 0 0 0 0 0 0 0 0 0 0 0 0 0 0 0 0 0 0 0 0 0 0 0 0 0 0 0 0 0 0 0 0 0 0 0 0 0 
0 0 0 0 0 0 0 0 0 0 0 0 0 0 0 0 0 0 0 0 0 0 0 0 0 0 0 0 0 0 0 0 0 0 0 0 0 0 0 0 0 0 0 0 0 0 0 0 0 0 0 0 0 0 0 0 0 0 0 0 0 0 0 0 0 0 0 0 0 0 0 0 0 0 0 0 0 0 0 0 
0 0 0 0 0 0 0 0 0 0 0 0 0 0 0 0 0 0 0 0 0 0 0 0 0 0 0 0 0 0 0 0 0 0 0 0 0 0 0 0 0 0 0 0 0 0 0 0 0 0 0 0 0 0 0 0 0 0 0 0 0 0 0 0 0 0 0 0 0 0 0 0 0 0 0 0 0 0 0 0 
0 0 0 0 0 0 0 0 0 0 0 0 0 0 0 0 0 0 0 0 0 0 0 0 0 0 0 0 0 0 0 0 0 0 0 0 0 0 0 0 0 0 0 0 0 0 0 0 0 0 0 0 0 0 0 0 0 0 0 0 0 0 0 0 0 0 0 0 0 0 0 0 0 0 0 0 0 0 0 0 
0 0 0 0 0 0 0 0 0 0 0 0 0 0 0 0 0 0 0 0 0 0 0 0 0 0 0 0 0 0 0 0 0 0 0 0 0 0 0 0 0 0 0 0 0 0 0 0 0 0 0 0 0 0 0 0 0 0 0 0 0 0 0 0 0 0 0 0 0 0 0 0 0 0 0 0 0 0 0 0 
0 0 0 0 0 0 0 0 0 0 0 0 0 0 0 0 0 0 0 0 0 0 0 0 0 0 0 0 0 0 0 0 0 0 0 0 0 0 0 0 0 0 0 0 0 0 0 0 0 0 0 0 0 0 0 0 0 0 0 0 0 0 0 0 0 0 0 0 0 0 0 0 0 0 0 0 0 0 0 0 
0 0 0 0 0 0 0 0 0 0 0 0 0 0 0 0 0 0 0 0 0 0 0 0 0 0 0 0 0 0 0 0 0 0 0 0 0 0 0 0 0 0 0 0 0 0 0 0 0 0 0 0 0 0 0 0 0 0 0 0 0 0 0 0 0 0 0 0 0 0 0 0 0 0 0 0 0 0 0 0 
0 0 0 0 0 0 0 0 0 0 0 0 0 0 0 0 0 0 0 0 0 0 0 0 0 0 0 0 0 0 0 0 0 0 0 0 0 0 0 0 0 0 0 0 0 0 0 0 0 0 0 0 0 0 0 0 0 0 0 0 0 0 0 0 0 0 0 0 0 0 0 0 0 0 0 0 0 0 0 0 
0 0 0 0 0 0 0 0 0 0 0 0 0 0 0 0 0 0 0 0 0 0 0 0 0 0 0 0 0 0 0 0 0 0 0 0 0 0 0 0 0 0 0 0 0 0 0 0 0 0 0 0 0 0 0 0 0 0 0 0 0 0 0 0 0 0 0 0 0 0 0 0 0 0 0 0 0 0 0 0 
0 0 0 0 0 0 0 0 0 0 0 0 0 0 0 0 0 0 0 0 0 0 0 0 0 0 0 0 0 0 0 0 0 0 0 0 0 0 0 0 0 0 0 0 0 0 0 0 0 0 0 0 0 0 0 0 0 0 0 0 0 0 0 0 0 0 0 0 0 0 0 0 0 0 0 0 0 0 0 0 
0 0 0 0 0 0 0 0 0 0 0 0 0 0 0 0 0 0 0 0 0 0 0 0 0 0 0 0 0 0 0 0 0 0 0 0 0 0 0 0 0 0 0 0 0 0 0 0 0 0 0 0 0 0 0 0 0 0 0 0 0 0 0 0 0 0 0 0 0 0 0 0 0 0 0 0 0 0 0 0 
0 0 0 0 0 0 0 0 0 0 0 0 0 0 0 0 0 0 0 0 0 0 0 0 0 0 0 0 0 0 0 0 0 0 0 0 0 0 0 0 0 0 0 0 0 0 0 0 0 0 0 0 0 0 0 0 0 0 0 0 0 0 0 0 0 0 0 0 0 0 0 0 0 0 0 0 0 0 0 0 
0 0 0 0 0 0 0 0 0 0 0 0 0 0 0 0 0 0 0 0 0 0 0 0 0 0 0 0 0 0 0 0 0 0 0 0 0 0 0 0 0 0 0 0 0 0 0 0 0 0 0 0 0 0 0 0 0 0 0 0 0 0 0 0 0 0 0 0 0 0 0 0 0 0 0 0 0 0 0 0 
0 0 0 0 0 0 0 0 0 0 0 0 0 0 0 0 0 0 0 0 0 0 0 0 0 0 0 0 0 0 0 0 0 0 0 0 0 0 0 0 0 0 0 0 0 0 0 0 0 0 0 0 0 0 0 0 0 0 0 0 0 0 0 0 0 0 0 0 0 0 0 0 0 0 0 0 0 0 0 0 
0 0 0 0 0 0 0 0 0 0 0 0 0 0 0 0 0 0 0 0 0 0 0 0 0 0 0 0 0 0 0 0 0 0 0 0 0 0 0 0 0 0 0 0 0 0 0 0 0 0 0 0 0 0 0 0 0 0 0 0 0 0 0 0 0 0 0 0 0 0 0 0 0 0 0 0 0 0 0 0 
0 0 0 0 0 0 0 0 0 0 0 0 0 0 0 0 0 0 0 0 0 0 0 0 0 0 0 0 0 0 0 0 0 0 0 0 0 0 0 0 0 0 0 0 0 0 0 0 0 0 0 0 0 0 0 0 0 0 0 0 0 0 0 0 0 0 0 0 0 0 0 0 0 0 0 0 0 0 0 0 
0 0 0 0 0 0 0 0 0 0 0 0 0 0 0 0 0 0 0 0 0 0 0 0 0 0 0 0 0 0 0 0 0 0 0 0 0 0 0 0 0 0 0 0 0 0 0 0 0 0 0 0 0 0 0 0 0 0 0 0 0 0 0 0 0 0 0 0 0 0 0 0 0 0 0 0 0 0 0 0 
0 0 0 0 0 0 0 0 0 0 0 0 0 0 0 0 0 0 0 0 0 0 0 0 0 0 0 0 0 0 0 0 0 0 0 0 0 0 0 0 0 0 0 0 0 0 0 0 0 0 0 0 0 0 0 0 0 0 0 0 0 0 0 0 0 0 0 0 0 0 0 0 0 0 0 0 0 0 0 0 
1 1 1 1 1 1 1 1 1 1 1 1 1 1 1 1 1 1 1 1 1 1 1 1 1 1 1 1 1 1 1 1 1 1 1 1 1 1 1 1 1 1 1 1 1 1 1 1 1 1 1 1 1 1 1 1 1 1 1 1 1 1 1 1 1 1 1 1 1 1 1 1 1 1 1 1 1 1 1 1 
56 100 57 99 85 75 64 85 74 100 85 87 59 85 61 86 85 69 98 51 59 52 91 64 80 100 83 79 88 76 66 94 75 99 92 84 73 80 68 98 79 78 58 63 62 94 99 71 63 96 72 97 72 87 60 51 86 94 81 98 94 71 91 93 69 56 76 67 87 68 64 65 96 97 78 83 90 50 53 52 71 76 100 93 62 84 69 99 51 74 70 95 95 61 87 64 67 87 81 53 80 69 94 75 90 96 57 79 97 61 56 92 61 80 58 73 88 77 96 90 75 66 58 70 77 70 58 68 56 63 97 86 82 90 86 71 59 93 74 80 78 54 71 89 58 80 87 97 81 82 60 56 72 68 50 99 88 58 92 26 
1 1 1 1 1 1 1 1 1 1 1 1 1 1 1 1 1 1 1 1 1 1 1 1 1 1 1 1 1 1 1 1 1 1 1 1 1 1 1 1 1 1 1 1 1 1 1 1 1 1 1 1 1 1 1 1 1 1 1 1 1 1 1 1 1 1 1 1 1 1 1 1 1 1 1 1 1 1 1 1 1 1 1 1 1 1 1 1 1 1 1 1 1 1 1 1 1 1 1 1 1 1 1 1 1 1 1 1 1 1 1 1 1 1 1 1 1 1 1 1 1 1 1 1 1 1 1 1 1 1 1 1 1 1 1 1 1 1 1 1 1 1 1 1 1 1 1 1 1 1 1 1 1 1 1 1 1 1 1 1 
