160
80
80
8 -1 -8 -10 -1 -10 -1 2 -7 8 -8 8 10 -7 -4 -5 -1 5 -2 -9 8 -4 10 3 -4 9 -0 -4 -10 -4 -7 9 8 -5 -10 -1 -2 -0 -10 1 -0 -7 1 -0 -2 8 7 10 4 -3 -7 4 6 -7 -3 -8 -6 9 -1 -4 -5 2 -3 -6 10 -2 4 -2 -10 7 -9 2 -9 3 -6 -0 2 -9 2 -4 
94 25 42 -137 78 139 -133 41 7 197 39 19 45 -153 -6 -66 127 -97 -48 200 -171 132 95 -65 -84 -28 129 150 27 -68 93 -152 85 -139 -161 -111 -200 -93 131 -66 -97 -103 81 149 -128 -198 -190 200 -94 -37 127 -137 -105 21 -74 -62 121 -145 -112 -125 -86 109 -76 127 171 -109 -184 98 -1 75 -168 103 100 114 -21 173 117 -10 100 151 
-1 5 -10 -6 -10 -0 -3 -4 -1 8 3 6 2 -10 -10 2 -0 7 -8 3 3 -7 -5 5 7 1 -3 -1 3 -9 8 -9 7 -10 -2 7 -0 8 -7 -9 6 9 10 -2 -9 -8 -8 4 9 -6 -4 4 -2 4 -1 -3 -5 9 8 10 -10 6 -9 7 8 2 6 -2 -0 -9 2 -3 -10 1 6 -8 4 10 8 3 
154 26 -186 176 175 -59 -86 96 -76 -70 99 39 167 151 -35 137 -158 -91 35 42 184 68 -129 84 -91 51 -17 -174 168 -190 178 122 -36 120 25 -61 189 140 163 -87 198 62 79 164 13 172 28 -17 -119 -137 -176 193 59 -104 3 96 75 187 50 43 125 -45 -109 -112 -125 117 28 -136 -17 -83 -95 -92 180 185 200 -81 157 28 103 -163 
0 0 0 15 -1 12 11 4 0 -1 0 0 0 11 0 0 0 0 3 0 1 0 5 5 8 0 15 2 10 17 19 0 6 0 0 0 0 0 0 0 6 9 14 0 4 1 3 0 1 7 0 20 -1 10 19 20 17 9 1 18 3 6 0 12 17 0 0 0 19 3 3 0 0 0 -1 15 6 1 0 0 
19 0 0 12 14 13 0 0 2 0 0 4 0 11 19 5 0 2 0 0 0 0 19 15 0 0 0 0 -1 0 -1 0 4 16 0 0 1 -1 4 3 20 0 0 14 19 9 0 16 0 14 -1 0 0 0 0 14 1 0 3 -1 0 -1 0 3 0 0 0 0 7 15 0 8 0 10 11 0 1 17 0 8 
1 12 17 0 16 7 0 0 18 7 5 0 0 18 3 0 2 12 0 0 0 17 7 0 0 0 0 0 0 2 0 0 0 0 4 0 0 0 0 0 12 0 0 0 0 0 0 0 0 0 0 5 11 15 0 0 1 0 0 0 0 0 0 1 -1 0 16 1 0 15 14 17 0 0 6 0 18 8 0 0 
0 0 16 0 0 20 0 0 18 0 8 16 19 20 0 0 0 13 19 0 0 0 0 11 0 0 0 20 1 0 5 5 0 0 9 0 0 8 0 14 0 16 0 14 0 0 11 0 0 5 0 13 4 4 0 20 0 0 0 18 0 0 0 0 0 0 6 19 17 11 6 0 0 0 11 2 0 0 17 0 
4 17 0 0 0 0 8 0 4 2 0 5 0 14 16 15 7 -1 19 8 0 5 0 -1 0 0 5 12 0 0 16 5 0 9 2 0 0 0 12 0 0 0 0 0 0 0 0 4 0 16 0 8 4 0 0 0 0 0 13 8 19 0 6 0 0 0 0 0 0 7 0 0 1 0 0 2 19 0 20 0 
0 16 20 0 0 16 1 0 14 2 0 5 0 0 0 0 0 20 0 17 12 3 4 12 4 5 12 19 3 14 0 0 20 0 13 4 5 20 0 7 0 0 14 5 0 0 2 11 0 0 13 9 0 0 20 15 1 13 0 20 0 0 0 0 14 0 13 0 0 9 1 0 0 0 19 0 0 0 1 -1 
0 0 5 0 0 0 0 10 0 19 0 12 10 8 0 -1 13 0 13 0 18 0 8 0 0 16 11 0 18 0 0 0 0 19 0 0 0 0 0 16 0 0 18 7 0 17 0 19 0 0 0 0 0 0 0 0 16 17 11 0 2 0 16 0 11 17 5 9 0 0 0 7 0 0 4 0 11 0 0 0 
0 0 0 20 0 0 0 8 20 5 2 9 0 7 0 0 2 8 12 0 1 0 14 0 0 17 20 0 11 0 0 0 0 0 0 16 0 0 9 10 3 0 5 2 0 0 0 0 0 0 0 7 8 0 17 0 0 6 0 0 0 0 0 11 0 13 0 0 0 0 13 0 0 20 0 9 -1 -1 0 16 
3 11 7 17 0 0 1 0 18 1 0 16 0 19 0 0 0 0 0 0 0 13 2 19 17 18 10 14 0 1 2 18 0 14 0 -1 0 9 0 0 0 7 17 20 0 0 0 0 0 0 0 13 10 8 11 13 8 0 0 0 0 0 0 5 0 0 13 0 15 18 10 0 18 12 0 6 17 10 0 8 
-1 0 8 0 0 0 0 0 0 16 0 3 0 0 1 0 17 0 0 0 0 11 0 17 0 12 20 6 0 5 2 -1 0 0 0 0 3 10 -1 12 8 0 0 0 0 0 0 12 0 12 0 0 20 0 2 0 0 0 0 0 17 16 0 19 0 0 0 0 20 0 0 0 5 0 0 0 18 0 -1 0 
0 0 15 14 5 8 0 0 0 0 0 8 0 0 4 -1 12 0 0 0 19 10 0 15 0 2 0 0 8 7 19 13 15 17 0 0 0 0 0 19 0 10 5 19 9 18 0 8 0 0 17 18 15 0 0 10 0 2 1 3 4 5 0 2 0 0 0 12 -1 0 7 0 0 14 0 0 0 0 0 0 
0 17 0 -1 0 0 1 -1 0 0 0 0 0 6 0 0 0 5 17 1 6 1 2 0 0 0 13 0 0 0 5 14 0 0 0 20 20 0 13 1 0 0 2 0 0 7 0 0 0 0 0 0 0 0 0 5 0 3 0 11 0 0 15 0 0 20 0 0 17 0 0 0 0 0 10 9 10 8 20 0 
11 4 1 0 0 0 11 0 17 0 0 6 4 0 14 0 13 0 0 0 0 11 0 1 0 0 3 -1 0 0 0 0 0 0 5 16 18 0 0 0 17 19 0 8 0 16 16 0 3 0 0 0 0 3 0 19 0 0 17 0 -1 0 8 20 16 0 0 12 0 0 0 0 0 0 0 17 18 0 0 0 
3 9 0 7 0 10 0 0 14 0 7 0 0 0 13 14 11 0 6 0 12 10 1 0 0 0 0 1 16 7 12 0 13 7 0 6 0 17 0 0 0 5 16 3 5 0 0 0 0 0 3 17 0 0 0 18 15 0 14 15 16 18 0 16 0 0 18 0 0 17 0 9 11 16 0 0 0 0 0 0 
19 0 6 0 4 0 0 0 0 10 0 0 0 0 19 0 0 0 0 0 0 0 0 15 0 13 13 11 0 0 7 0 20 0 0 11 0 19 0 0 -1 14 0 20 9 0 14 0 0 2 0 15 0 0 0 0 0 10 3 0 0 0 13 10 6 14 0 12 0 0 7 11 0 1 17 0 0 18 5 2 
6 0 2 13 0 6 13 0 0 7 0 0 0 6 9 0 0 0 1 16 2 0 8 0 4 0 0 0 0 0 16 0 0 9 0 19 0 0 0 0 0 0 0 3 17 15 0 4 0 0 2 0 7 17 12 11 0 12 0 15 0 -1 6 0 20 0 0 0 0 12 0 0 0 11 17 7 0 20 16 -1 
3 0 18 0 0 5 0 18 0 20 18 0 13 0 -1 7 1 20 4 18 16 0 2 0 6 8 4 19 0 19 16 0 2 0 10 0 0 0 11 11 15 17 16 5 0 0 19 0 2 0 16 0 18 0 0 0 10 8 1 0 0 20 0 0 0 0 6 0 0 0 11 0 13 0 0 0 7 0 9 0 
18 9 14 0 0 8 0 0 0 19 17 0 20 0 6 0 0 8 0 17 0 -1 2 20 0 9 19 0 0 4 0 12 0 3 -1 0 14 6 15 13 0 0 0 0 15 13 1 0 20 1 0 0 0 0 0 13 0 4 0 -1 8 5 10 20 4 0 0 0 0 0 2 5 0 0 16 0 16 3 0 0 
17 0 9 0 0 0 18 0 0 0 0 12 0 0 10 0 0 0 8 -1 0 0 0 13 0 0 5 14 20 0 17 0 0 8 2 0 9 19 0 2 2 0 0 0 8 12 11 16 13 0 11 0 0 19 0 0 1 9 16 0 0 0 15 0 17 0 3 16 0 0 1 0 0 9 -1 2 16 0 -1 11 
0 15 9 6 15 6 0 0 0 19 6 0 0 16 1 8 0 20 0 0 10 0 0 1 0 0 0 1 5 1 0 0 10 -1 4 0 14 0 0 0 0 0 0 0 17 1 18 -1 3 0 0 4 0 8 0 0 1 0 12 16 16 10 0 0 1 4 0 10 0 0 16 3 11 0 9 5 20 -1 0 18 
0 19 6 6 17 2 0 0 0 0 0 8 2 0 7 0 0 0 0 1 6 0 0 18 0 0 0 -1 0 -1 9 7 19 6 17 16 -1 0 0 0 0 0 0 16 12 0 0 0 1 16 0 20 17 0 0 0 10 1 0 18 0 5 5 0 0 0 1 0 0 0 0 0 2 9 4 0 0 0 9 19 
0 0 0 0 4 17 0 0 0 7 0 4 18 16 0 6 16 0 0 0 0 20 0 20 0 -1 0 2 18 0 0 3 4 17 0 20 11 0 0 0 0 0 0 12 0 0 19 0 0 0 0 6 0 0 14 0 -1 18 15 0 8 5 0 20 0 16 18 0 11 16 0 4 0 13 6 10 0 0 0 0 
6 5 20 0 0 8 10 18 9 6 12 3 0 1 -1 16 0 3 14 3 0 0 0 2 0 1 0 7 2 0 5 0 15 17 12 0 0 14 8 15 11 6 20 0 0 0 12 2 0 0 7 0 0 9 0 7 16 0 0 17 0 0 0 6 0 2 9 18 17 0 0 3 0 0 0 19 0 0 0 3 
3 20 13 0 0 0 0 11 20 0 0 0 0 0 0 11 10 2 0 0 10 0 10 5 9 0 10 4 3 14 0 0 0 0 20 7 0 19 0 2 0 0 8 12 19 0 0 1 11 0 0 13 0 0 0 0 0 0 0 13 0 0 15 0 0 0 16 0 11 7 0 1 0 0 5 0 0 0 1 0 
10 0 0 5 3 0 0 10 5 0 12 3 17 0 0 0 0 0 0 13 0 0 -1 20 19 0 19 0 0 0 0 9 3 3 18 16 0 0 0 0 0 0 0 8 17 0 0 0 14 0 0 0 9 14 0 18 13 14 5 0 0 0 16 0 4 1 0 2 17 0 0 15 0 0 0 0 0 0 0 0 
7 3 12 0 9 0 0 0 0 18 18 0 0 0 0 0 14 14 15 7 0 0 0 0 19 3 0 0 15 9 0 0 3 0 0 14 8 0 4 9 13 0 0 0 17 2 0 2 -1 6 0 11 0 11 0 0 6 16 0 6 11 0 5 19 18 5 2 0 7 13 0 19 0 8 2 0 14 13 -1 11 
-1 0 0 3 5 0 0 0 12 0 1 0 0 5 17 0 0 0 17 8 13 0 0 0 0 0 10 18 9 8 17 8 0 0 0 17 20 0 11 0 0 0 0 0 0 17 0 0 0 0 0 0 8 18 20 4 2 0 14 7 9 0 17 12 0 17 17 16 0 18 0 0 0 0 0 0 19 0 12 0 
1 0 0 -1 1 0 0 0 0 3 10 6 8 16 0 0 0 2 14 1 0 3 17 0 0 0 4 0 11 0 2 7 11 0 18 0 10 0 18 1 17 1 0 15 16 0 1 0 0 0 0 5 0 0 9 0 0 0 18 3 0 0 5 18 0 0 0 0 7 18 4 4 16 0 0 17 19 7 0 0 
0 2 15 1 -1 18 0 0 0 0 1 0 4 12 4 11 0 0 18 1 0 14 5 0 0 4 18 10 0 4 0 6 -1 0 0 0 4 0 3 1 0 0 4 17 0 0 17 0 0 10 0 0 0 0 0 0 10 10 8 0 2 -1 -1 0 0 0 0 0 6 16 0 2 18 0 0 14 0 6 0 15 
0 8 8 0 7 0 0 0 7 15 0 0 5 0 0 0 0 20 4 0 0 9 0 0 0 6 19 0 0 0 0 0 0 6 0 0 8 0 2 19 0 0 0 0 10 0 0 0 0 0 18 19 13 0 0 2 0 0 0 0 0 5 0 0 0 -1 0 11 0 0 0 0 -1 0 11 0 12 8 0 0 
0 0 19 20 0 10 0 0 3 -1 0 7 20 8 0 0 0 0 0 0 18 9 0 0 7 17 0 0 8 12 5 15 19 14 0 16 3 0 14 0 3 17 0 6 4 7 0 0 16 13 0 0 14 6 0 9 16 0 2 12 10 1 0 0 0 0 9 0 4 20 0 0 20 12 1 0 16 4 18 0 
0 9 0 0 0 0 8 0 0 0 5 0 16 0 0 0 10 0 0 0 11 0 17 0 4 0 19 0 3 5 0 0 8 0 0 0 0 0 0 6 0 0 16 0 9 0 17 -1 0 0 3 0 0 0 10 13 0 7 4 20 6 13 0 0 0 19 0 16 0 0 0 0 0 19 9 9 0 12 0 0 
0 3 0 0 0 0 17 0 0 20 0 12 0 0 7 8 0 16 13 0 15 0 3 15 0 0 5 0 12 20 0 0 0 13 0 19 0 0 -1 0 0 16 0 0 0 0 16 0 13 4 7 0 0 14 4 19 0 0 0 0 -1 11 11 0 18 7 19 0 0 0 19 12 16 8 0 14 0 8 0 14 
10 18 0 -1 0 0 0 0 0 0 0 17 0 0 0 17 10 4 0 17 2 0 0 19 19 18 0 0 2 0 0 0 0 -1 0 0 0 4 0 0 0 0 0 4 20 0 0 16 0 0 19 0 0 7 0 0 9 8 0 0 2 3 0 5 0 0 14 15 0 14 8 -1 0 0 0 0 3 0 16 4 
7 -1 0 -1 0 20 0 1 0 0 19 0 0 5 9 0 0 13 4 0 0 0 6 10 1 3 0 -1 0 0 0 0 0 10 16 0 -1 0 16 0 0 6 0 0 18 2 9 -1 -1 13 0 0 16 7 20 19 6 18 0 11 14 0 15 9 0 1 10 0 20 14 0 0 0 0 3 0 0 2 0 10 
17 0 0 17 0 5 7 17 0 2 0 0 0 -1 0 0 19 0 0 0 16 13 16 7 2 0 0 15 0 19 18 11 0 0 0 0 14 7 0 0 6 0 5 0 0 4 0 0 0 18 12 0 -1 2 0 0 16 0 20 6 6 0 0 12 0 0 20 0 0 19 10 0 20 7 0 0 14 16 11 9 
18 1 8 2 6 3 0 0 0 20 0 0 10 4 16 0 16 3 0 11 0 0 0 0 13 16 13 12 0 0 19 0 0 6 9 -1 0 0 0 7 3 3 0 -1 0 0 14 0 0 8 0 12 0 2 0 0 0 0 0 16 6 20 13 0 18 11 4 19 0 13 0 0 0 0 16 -1 0 12 0 0 
0 0 0 3 0 15 0 9 17 0 0 7 0 0 14 0 15 0 0 0 7 0 0 0 0 7 3 2 0 0 0 0 9 0 0 0 0 0 -1 0 0 0 0 7 0 0 0 0 0 1 0 14 2 0 0 0 0 10 0 0 0 18 14 0 0 0 0 0 0 0 0 9 0 0 0 0 0 0 0 0 
0 0 0 0 0 0 0 0 8 0 0 0 2 0 0 7 8 0 0 4 0 0 16 0 0 14 0 19 0 14 18 0 0 0 13 0 0 0 18 0 16 -1 0 0 1 2 0 4 0 0 13 4 0 0 0 0 8 0 10 14 0 0 0 0 0 0 4 0 4 -1 5 -1 19 19 0 0 16 16 0 14 
0 0 19 12 0 1 0 12 3 2 1 14 0 1 0 0 10 5 0 0 0 0 3 12 13 15 0 12 0 -1 0 0 5 0 0 14 19 12 0 0 4 20 0 0 8 2 12 0 0 12 6 8 18 0 1 0 0 14 16 0 0 7 0 2 6 0 17 0 19 0 3 0 0 -1 7 0 0 1 0 0 
5 0 4 13 0 0 5 0 0 0 10 0 18 15 13 16 0 0 0 0 0 0 7 18 0 0 0 0 12 4 0 0 19 0 17 0 0 6 0 0 0 19 6 0 15 11 20 0 0 -1 0 1 4 2 0 15 12 0 15 0 0 0 0 15 0 17 19 0 0 9 0 0 0 0 0 0 0 0 20 0 
0 0 0 15 0 0 19 0 4 2 0 4 0 0 9 0 0 13 0 0 0 0 11 0 0 18 8 16 20 0 19 3 0 0 6 7 0 0 0 17 0 18 0 0 4 0 0 6 20 0 0 0 6 0 0 0 13 -1 16 20 2 0 2 11 0 0 4 0 5 16 19 11 11 0 14 3 -1 20 4 0 
9 0 1 0 15 17 12 0 0 18 0 0 0 0 18 0 18 0 0 0 11 0 15 0 0 11 0 12 7 0 17 19 0 4 12 0 0 20 2 0 0 0 0 0 7 0 4 10 0 15 0 0 0 0 0 12 0 0 0 0 4 15 1 0 0 0 0 13 7 16 0 0 0 0 0 0 20 0 0 20 
14 9 8 0 -1 6 4 11 20 10 15 0 0 0 3 15 20 0 9 19 20 15 0 0 12 0 7 18 0 16 0 10 0 9 5 19 0 0 0 0 10 14 0 0 0 0 0 0 0 0 0 0 0 0 0 0 0 0 12 0 0 18 14 0 0 0 0 13 0 19 12 0 0 2 3 12 5 0 2 13 
0 0 0 0 11 6 1 0 0 18 0 0 0 8 0 18 -1 20 7 15 0 7 0 0 0 11 0 1 5 0 8 9 10 20 0 3 1 5 10 6 0 0 5 12 0 3 8 0 0 0 0 0 0 14 0 0 11 12 0 0 10 10 0 0 17 0 0 0 3 0 18 16 0 4 0 0 0 0 9 18 
0 0 0 0 4 8 0 4 0 0 0 5 0 0 6 0 0 15 0 0 14 0 0 2 0 8 0 0 6 5 1 14 0 15 0 -1 0 0 0 16 9 0 0 14 0 17 7 0 20 0 0 6 0 10 0 0 6 0 12 0 0 7 0 3 16 16 6 0 0 10 9 0 0 3 16 8 0 15 0 17 
12 0 4 8 19 0 0 2 0 15 0 10 0 0 0 3 0 15 0 13 9 14 0 12 0 0 14 0 0 4 8 6 19 0 19 0 0 0 0 8 0 0 0 12 0 0 0 0 0 0 -1 0 17 13 0 13 20 0 0 0 2 0 17 0 0 4 0 13 0 0 18 0 8 0 15 16 0 -1 0 0 
0 -1 1 18 5 11 0 19 0 0 0 0 3 6 0 0 10 11 0 3 17 0 18 0 0 0 0 0 4 0 0 14 6 9 9 0 3 0 12 9 0 0 18 0 7 0 0 12 10 0 0 0 0 9 0 0 8 0 13 15 0 16 0 1 0 15 13 0 -1 9 17 0 16 0 0 0 0 14 -1 0 
0 0 16 2 16 2 19 0 4 0 4 0 6 17 0 15 0 0 0 0 6 3 2 0 9 17 8 0 12 0 0 10 2 0 0 0 0 0 0 8 5 0 0 0 0 0 8 1 17 0 0 4 0 0 0 0 0 6 0 12 0 0 0 7 2 18 19 3 15 17 0 0 8 8 9 18 9 18 18 5 
20 4 0 0 0 -1 0 0 13 13 0 0 14 0 19 14 0 3 0 0 11 4 0 0 0 3 0 0 0 0 9 0 0 15 0 0 3 0 0 11 12 0 0 18 0 14 0 0 0 0 0 0 -1 0 11 20 15 0 7 0 0 0 10 0 -1 8 0 8 0 -1 0 20 4 0 0 2 4 -1 0 0 
14 19 0 0 5 0 6 19 0 10 6 2 0 0 0 0 0 13 0 0 0 0 0 0 13 10 10 0 0 0 0 19 0 0 0 0 0 0 0 0 10 0 0 18 20 0 2 0 0 0 0 13 0 0 0 20 0 0 0 10 0 0 5 16 0 0 14 4 0 0 0 0 7 0 5 20 1 9 0 19 
0 5 0 0 0 0 7 20 8 6 14 0 0 19 20 11 0 16 0 0 6 0 0 0 7 0 0 3 16 0 0 -1 5 0 0 0 16 14 0 12 4 0 5 0 14 0 0 0 0 13 11 13 19 5 17 20 19 0 18 0 0 7 0 0 7 17 12 0 11 6 14 10 0 0 0 7 20 0 0 0 
0 3 9 0 14 0 8 0 0 -1 0 0 15 19 0 0 0 13 4 0 0 0 7 -1 0 0 0 0 15 0 0 0 0 12 0 0 0 0 17 0 10 0 4 20 0 0 0 0 0 0 -1 0 14 5 1 1 14 0 0 0 11 0 0 0 0 0 14 0 0 0 15 0 0 0 0 14 13 0 0 0 
2 0 1 0 0 0 0 0 19 0 0 14 0 1 0 0 20 2 0 7 10 7 0 0 5 19 0 13 0 -1 17 0 12 0 1 11 13 0 1 0 2 9 18 7 0 0 0 -1 0 15 0 0 0 0 0 6 3 18 0 -1 12 5 0 0 0 0 0 7 8 0 18 0 13 0 14 13 9 13 0 0 
20 0 0 0 0 13 0 12 5 0 2 6 14 10 0 4 17 0 0 13 7 0 6 0 0 0 -1 10 0 0 0 2 0 11 -1 9 0 5 0 0 5 0 0 0 12 17 8 0 9 17 0 2 0 0 12 19 10 0 15 8 16 16 0 0 0 3 0 0 0 8 20 0 0 0 0 1 0 2 0 4 
17 0 14 8 14 18 3 1 7 17 15 0 5 20 0 0 0 3 0 0 10 12 0 0 6 7 0 2 10 0 0 0 17 17 0 0 18 -1 4 3 18 0 2 0 0 12 0 7 19 15 0 13 6 0 0 0 0 0 0 0 0 7 13 8 0 0 0 3 5 4 0 6 0 13 0 0 20 0 0 20 
10 0 6 13 0 0 0 0 0 15 0 0 1 12 2 0 16 0 0 6 0 15 0 0 0 17 0 0 0 0 0 0 0 0 0 6 0 0 0 18 12 2 0 0 0 0 0 0 -1 0 0 0 0 0 0 1 0 3 6 5 0 8 18 0 0 11 0 5 -1 12 13 0 0 6 -1 4 9 0 0 4 
14 2 0 0 5 10 13 0 5 9 0 0 4 8 0 17 3 14 15 0 17 0 2 0 20 0 0 10 0 0 5 15 0 0 0 10 0 0 0 6 20 0 0 0 0 18 12 0 2 11 0 20 13 0 19 0 0 7 2 12 0 5 2 10 0 9 0 13 0 3 0 17 0 0 19 0 0 0 1 0 
12 -1 0 2 19 0 10 15 0 13 0 16 0 19 16 0 0 0 14 0 3 0 18 0 0 0 0 0 0 0 0 0 8 0 0 1 0 0 0 0 -1 0 6 17 1 6 0 4 0 0 0 0 0 0 2 0 0 0 0 0 14 0 9 19 0 0 0 0 18 0 0 0 17 2 8 8 0 4 18 0 
0 0 0 0 0 16 0 0 0 0 0 14 6 0 0 0 17 14 2 2 7 7 0 0 4 0 19 3 0 0 2 0 0 0 2 0 17 15 0 0 0 12 19 13 4 0 0 0 0 16 16 15 0 0 0 13 7 1 2 0 10 1 13 0 0 0 19 13 15 8 0 20 0 5 5 0 0 0 0 0 
12 0 0 0 0 5 8 7 0 13 0 14 0 0 7 6 0 0 4 16 0 0 0 12 0 6 11 18 0 0 9 0 3 0 0 6 10 0 6 0 0 0 0 16 0 -1 10 0 0 0 13 4 0 3 1 0 10 4 10 8 1 18 18 0 0 0 0 0 11 12 2 0 12 0 0 12 0 0 -1 0 
0 0 12 6 0 0 18 5 5 9 4 3 10 4 0 10 0 17 6 13 10 0 1 12 0 13 8 3 0 5 11 1 0 6 12 0 1 7 18 8 0 0 13 0 0 0 10 17 0 0 12 10 0 10 0 0 0 0 12 17 11 0 5 0 0 6 0 0 0 0 0 18 4 8 0 6 9 0 0 10 
0 18 0 0 14 14 3 0 0 0 0 9 0 -1 0 0 0 0 0 0 7 19 0 20 0 0 0 0 3 1 13 0 0 0 15 20 2 0 0 8 5 2 0 -1 0 0 0 12 0 10 0 0 0 4 6 0 15 2 4 0 0 4 0 0 0 0 0 0 15 0 0 20 10 0 12 0 0 0 18 0 
15 0 7 0 12 0 2 0 0 0 0 18 0 0 0 9 0 0 16 0 0 0 20 0 0 2 8 0 4 0 0 13 5 18 0 0 0 0 17 0 0 0 15 0 12 0 0 0 11 4 0 17 19 0 5 0 0 8 8 0 13 0 0 20 11 0 0 0 0 17 0 17 2 0 2 0 0 0 0 18 
0 0 4 0 3 6 12 0 0 1 0 0 5 6 0 16 0 0 0 0 0 4 8 15 0 18 20 17 0 18 10 1 7 0 2 0 0 13 0 8 0 6 17 15 0 13 3 0 18 3 5 0 0 20 9 8 0 13 0 0 0 0 0 -1 17 0 0 19 0 0 16 0 17 12 8 5 3 19 0 0 
10 8 12 0 0 13 7 16 0 2 15 0 9 -1 0 4 0 0 0 3 9 0 0 11 17 0 2 4 0 0 0 0 0 14 0 20 2 1 0 13 0 0 5 18 0 0 0 13 2 0 3 0 0 0 15 19 3 0 0 0 0 0 0 0 0 0 0 13 0 0 16 0 0 11 13 19 0 11 0 0 
5 0 19 2 0 0 0 0 14 19 0 0 1 0 0 10 8 0 8 7 0 0 17 1 14 0 0 16 0 11 0 0 0 20 10 0 0 0 0 0 17 6 17 0 0 0 0 12 0 0 0 0 0 8 -1 9 0 16 0 0 1 0 0 16 0 15 20 0 8 -1 20 0 4 0 4 19 14 0 12 19 
13 0 0 0 20 13 4 11 4 0 0 0 0 0 -1 0 0 0 0 0 13 0 14 7 0 -1 0 0 0 10 6 20 0 0 12 15 14 0 20 17 0 0 0 19 0 4 1 0 16 0 12 0 0 0 0 0 19 0 0 0 0 0 0 0 0 0 14 0 0 0 7 6 6 14 15 0 0 0 0 13 
0 -1 2 0 7 0 19 16 17 0 0 20 0 0 0 0 0 13 0 0 0 14 -1 0 0 0 17 0 14 16 4 0 4 1 0 0 6 0 0 0 0 14 0 0 0 8 0 0 -1 -1 20 6 0 0 9 0 0 12 4 12 0 3 0 14 0 0 14 0 0 1 0 0 0 7 10 18 18 0 9 0 
0 6 2 20 0 19 20 8 0 0 14 14 1 0 19 0 0 19 18 12 10 0 0 0 6 0 15 0 0 -1 0 0 0 0 0 0 0 0 11 0 0 0 0 5 5 0 0 18 0 13 20 0 0 0 0 11 0 9 19 18 0 0 1 10 17 4 0 0 0 10 4 0 0 18 9 11 0 0 0 0 
9 2 0 0 16 20 16 0 13 5 5 0 0 0 4 0 0 14 0 4 16 13 16 0 0 0 0 13 0 15 7 11 0 14 13 13 2 3 13 12 0 0 2 0 17 0 0 19 0 3 15 0 0 0 0 9 16 0 1 0 20 13 0 0 0 0 0 20 0 13 0 0 0 5 0 0 16 0 5 0 
14 11 0 -1 0 1 0 0 0 0 0 0 0 0 0 0 17 7 8 3 12 3 15 0 0 0 1 0 0 0 0 0 0 0 0 4 10 10 0 0 0 14 0 0 0 5 -1 19 0 0 12 16 17 0 0 16 0 0 0 10 0 0 0 13 0 0 4 16 0 15 6 16 0 4 0 8 0 0 0 0 
0 0 3 0 12 1 -1 0 0 0 0 -1 2 12 -1 0 0 0 4 0 0 4 0 0 1 0 5 0 0 19 -1 0 0 9 0 0 10 0 0 17 0 10 5 3 1 0 3 4 0 11 0 0 3 0 0 0 13 0 0 0 0 0 0 0 12 0 0 1 5 3 0 0 20 11 0 0 18 0 0 2 
0 0 -1 15 0 0 0 0 9 16 0 0 9 3 0 0 0 0 0 0 0 17 0 0 5 0 17 0 0 0 0 17 17 9 18 16 17 14 1 0 0 8 14 17 0 0 0 0 0 -1 0 0 0 0 15 0 0 0 16 0 0 0 -1 19 13 3 0 7 6 0 3 0 0 0 15 0 0 14 1 0 
9 4 0 0 12 0 2 0 12 6 7 18 0 20 0 11 13 19 7 0 0 1 20 0 10 17 5 0 5 0 5 0 9 0 6 0 8 14 0 0 0 0 0 0 0 0 12 8 11 2 0 1 0 8 7 0 6 7 12 2 12 0 19 0 20 3 0 0 0 7 20 1 3 1 3 0 0 15 4 11 
16 12 -1 0 15 -1 1 1 10 9 0 9 10 0 15 0 9 19 0 0 17 9 0 0 11 4 0 4 2 20 0 0 17 5 14 0 1 0 5 17 10 8 9 9 8 19 15 1 0 0 0 8 0 15 0 3 -1 0 6 0 17 0 15 0 5 0 8 0 4 20 18 0 0 8 11 -1 0 0 0 0 
0 17 0 13 18 5 3 12 0 11 15 0 0 0 16 19 0 -1 0 0 0 0 9 0 10 0 8 0 0 17 0 0 0 6 0 0 0 11 0 14 0 1 11 5 18 2 4 0 0 0 6 14 15 0 0 11 13 20 0 0 0 0 7 0 10 13 5 3 5 0 11 12 0 11 0 2 19 14 0 19 
5 8 0 1 0 0 0 0 0 0 0 0 0 0 20 0 0 2 1 11 18 8 0 0 0 0 0 19 0 0 0 20 12 17 0 20 0 16 0 0 8 0 0 0 0 11 11 0 16 6 5 14 0 20 0 0 12 0 20 12 0 14 0 2 0 0 8 0 11 0 0 19 0 7 0 0 15 0 19 12 
11 14 14 3 9 3 12 15 0 0 5 19 16 6 0 0 0 11 0 0 0 19 3 0 7 5 0 1 0 12 0 0 0 0 0 10 3 11 13 7 0 15 0 0 0 0 6 20 0 0 0 0 12 12 0 7 0 18 1 0 1 0 14 9 -1 0 14 0 3 0 0 7 13 0 3 0 0 6 0 15 
19 4 12 0 0 0 0 13 0 0 6 13 0 8 15 13 0 0 0 0 10 4 11 19 0 0 20 17 0 0 14 0 5 0 16 0 0 0 17 0 0 13 0 11 -1 0 0 5 0 0 0 6 0 18 0 19 0 0 0 0 4 0 0 13 16 0 0 0 0 17 0 0 0 12 0 0 19 0 8 15 
0 16 9 1 0 0 0 0 -1 15 0 0 7 6 0 14 0 0 15 3 19 5 13 0 12 0 0 8 14 14 0 0 7 19 0 0 0 0 16 12 0 0 15 20 4 8 14 11 19 0 19 0 20 0 1 0 0 1 7 0 15 0 0 0 15 0 0 0 0 0 19 0 0 7 12 0 12 0 0 0 
0 10 0 7 0 2 0 0 14 0 0 0 0 15 0 0 13 1 0 9 0 15 0 18 -1 0 0 0 0 0 9 5 15 0 0 0 0 0 16 6 0 9 9 20 0 0 0 0 11 0 13 0 0 8 8 0 20 0 11 6 0 0 17 8 5 -1 0 17 13 0 13 0 0 0 0 19 0 0 0 0 
0 0 0 5 7 8 20 4 0 11 0 16 10 0 2 10 0 0 -1 20 0 7 0 0 17 0 0 10 0 0 0 -1 19 19 2 0 0 0 0 15 0 0 18 12 0 0 0 0 0 18 20 14 0 1 0 7 0 -1 2 16 0 18 9 0 0 4 15 0 0 14 0 0 0 0 12 18 5 0 3 3 
0 11 0 17 0 0 1 0 0 14 3 13 0 8 5 0 0 0 2 0 0 2 0 8 -1 0 0 -1 0 0 0 13 16 11 1 0 0 0 15 0 0 0 5 14 3 0 8 0 0 7 10 0 0 0 15 12 12 0 0 7 4 0 0 14 0 9 11 17 10 20 7 0 0 0 0 19 11 19 0 16 
0 11 0 0 15 0 0 0 0 0 8 7 0 4 0 16 1 0 0 0 16 0 5 10 0 10 0 0 7 0 0 0 0 0 4 6 1 0 0 8 0 0 0 5 15 0 0 0 0 20 0 0 13 0 12 0 0 0 16 0 0 0 0 0 20 0 1 10 0 0 11 5 0 0 19 8 6 0 20 0 
2 3 0 17 0 7 18 17 0 13 0 0 -1 10 0 0 -1 18 6 14 0 12 0 0 7 16 15 17 0 0 0 0 11 0 0 0 0 0 0 6 13 2 9 0 0 4 0 0 5 0 0 0 7 0 19 0 19 11 8 0 0 0 12 1 10 6 4 3 6 12 6 12 0 0 1 0 0 0 18 0 
0 0 7 16 0 0 0 17 0 17 3 16 16 0 1 0 0 0 13 0 0 9 0 0 -1 1 16 3 0 0 0 0 14 0 0 0 0 0 3 0 0 18 0 4 -1 1 12 0 16 15 4 0 6 0 5 0 0 4 0 -1 0 0 15 3 15 7 11 9 0 0 0 0 18 0 18 4 15 13 0 0 
15 0 5 0 17 0 0 0 0 0 0 0 12 0 0 0 17 18 13 11 0 0 0 4 0 0 18 0 0 0 2 11 0 1 2 0 9 1 0 0 12 0 0 0 0 0 0 19 20 10 10 9 0 0 0 0 10 0 8 0 11 0 0 0 0 0 0 20 0 0 18 0 0 18 0 7 0 10 0 1 
6 0 5 19 0 18 10 3 0 3 0 0 0 0 0 0 0 13 0 18 0 0 9 15 0 1 0 0 0 10 9 15 0 0 9 0 2 0 1 0 0 16 0 19 0 0 20 0 9 6 4 20 0 0 7 0 0 0 8 11 0 9 0 7 0 11 0 15 0 3 8 0 18 0 18 0 14 0 13 9 
6 1 0 0 11 0 0 14 9 3 0 19 20 2 0 17 0 0 16 14 0 0 9 0 11 9 0 0 16 5 0 0 0 0 0 0 19 0 7 4 5 0 0 3 19 13 0 7 0 13 0 0 13 8 4 0 0 0 7 3 18 0 3 3 0 7 1 -1 -1 0 0 18 0 12 0 0 -1 0 0 0 
2 0 20 0 14 0 0 17 20 7 13 16 0 19 0 0 7 0 18 13 14 1 2 14 0 0 0 13 0 15 0 17 0 0 0 0 9 0 0 0 0 15 0 0 0 0 0 0 16 0 18 11 14 0 0 6 13 0 19 14 9 0 0 13 0 0 2 10 0 9 0 0 0 15 0 0 2 0 20 17 
0 0 0 12 -1 9 0 14 0 0 0 20 0 0 20 8 0 0 1 12 0 0 19 9 0 0 7 0 4 0 3 0 13 15 0 2 0 0 6 16 16 17 15 0 0 0 10 0 12 0 0 3 13 0 0 0 17 11 1 0 1 0 0 20 0 0 0 0 6 0 0 0 0 0 10 0 0 0 0 13 
13 0 7 10 1 0 14 2 6 4 0 0 -1 0 0 15 0 0 16 1 2 19 1 19 16 7 19 0 0 15 3 19 1 0 8 18 0 5 19 0 3 19 7 0 7 0 0 0 6 0 5 6 0 19 14 19 3 16 0 5 0 0 19 0 9 0 0 -1 1 14 14 0 0 11 -1 0 0 0 9 0 
2 0 18 11 3 16 0 3 0 0 0 0 13 0 0 3 0 20 0 0 20 7 14 1 7 0 0 0 0 0 18 0 0 3 0 0 0 15 0 20 0 13 0 18 5 0 0 10 0 12 0 0 0 1 0 16 2 14 5 1 19 2 5 0 20 3 0 0 0 0 7 5 0 0 0 0 20 12 16 0 
0 0 0 0 5 0 0 0 11 -1 0 5 4 0 0 9 0 0 7 11 0 0 0 12 12 0 11 4 9 0 0 0 19 11 4 0 0 3 0 -1 16 0 7 0 0 2 0 0 0 0 3 0 0 0 1 0 0 0 6 8 13 0 18 0 0 0 0 0 0 10 7 16 11 0 9 19 0 0 0 0 
2 15 4 4 14 0 0 6 15 0 0 0 0 5 7 17 0 0 0 4 -1 12 0 0 18 2 12 8 0 2 0 20 0 0 20 14 15 2 0 11 0 19 1 0 0 0 0 0 18 2 0 10 0 0 18 0 7 -1 0 10 14 0 0 0 16 2 0 17 0 0 0 12 0 0 0 15 0 14 0 0 
0 0 9 0 16 6 0 0 0 0 5 16 0 0 13 0 0 0 20 0 10 0 0 0 2 14 18 7 11 0 18 2 0 3 0 0 0 0 0 0 7 0 10 6 0 7 0 0 0 0 12 7 2 3 0 0 0 1 8 0 0 7 18 10 0 4 12 0 0 12 10 18 3 0 4 8 0 6 0 2 
0 0 0 3 0 0 0 0 19 7 9 18 0 0 0 0 3 0 0 0 15 0 -1 5 0 0 17 8 7 1 0 0 0 19 0 9 0 13 14 14 1 0 19 19 0 3 12 0 5 0 0 5 5 16 19 0 8 0 0 8 20 6 0 2 2 -1 0 0 0 9 2 0 6 0 16 3 0 12 0 0 
0 0 0 0 18 16 19 0 3 0 0 0 0 4 0 0 0 0 7 0 0 0 0 3 0 4 16 0 0 0 0 7 1 9 19 0 20 5 9 17 18 8 0 0 0 -1 0 0 2 13 14 7 4 0 0 3 0 11 4 11 9 15 0 0 15 0 0 11 0 0 8 0 0 0 0 9 12 0 0 15 
0 0 0 11 0 14 18 0 0 0 15 0 0 0 9 0 0 0 0 17 17 0 0 2 10 5 11 0 4 0 19 18 13 19 0 0 14 0 1 0 17 0 0 6 8 18 0 0 6 18 0 16 0 0 5 12 0 13 0 2 18 16 0 0 15 9 0 0 0 0 6 0 11 9 11 0 0 15 6 0 
10 0 0 0 0 20 0 7 0 0 4 0 0 0 0 8 0 15 3 3 14 1 7 -1 0 17 0 1 0 0 9 16 0 7 0 0 0 18 0 1 19 17 0 0 16 20 1 12 0 2 17 17 16 5 0 0 10 3 17 5 8 0 18 0 4 0 0 -1 0 0 15 0 0 0 0 13 7 0 0 0 
10 0 0 0 0 0 5 7 0 14 0 0 0 0 0 0 0 17 13 14 18 9 6 -1 10 0 0 1 11 5 0 0 0 0 16 7 0 0 18 18 0 4 15 0 0 0 0 0 0 0 0 17 11 0 0 15 -1 20 3 4 0 11 13 19 0 0 4 0 0 12 0 0 0 4 0 0 0 15 0 0 
0 5 0 0 20 0 0 0 1 12 0 -1 0 12 0 0 13 0 9 0 11 13 0 -1 11 0 7 6 0 -1 0 0 0 10 2 20 0 0 0 0 1 0 0 9 0 0 20 0 0 0 3 0 14 4 0 0 9 5 5 17 0 0 14 0 10 0 0 8 15 0 5 4 0 0 7 0 0 0 0 11 
3 1 0 9 0 4 0 0 0 0 0 0 12 0 0 5 18 4 0 9 0 7 0 16 0 19 0 0 13 3 0 0 0 12 0 13 0 13 0 0 0 0 0 20 1 0 0 0 5 19 0 0 0 4 0 0 0 19 0 0 10 0 17 17 0 0 15 0 0 13 0 0 0 15 0 1 10 0 0 0 
0 0 9 16 4 4 0 18 0 1 0 -1 0 -1 0 0 0 0 0 0 0 0 0 10 2 1 20 17 0 20 0 13 12 0 0 0 3 0 0 0 0 0 0 13 5 0 19 0 13 14 0 0 9 0 0 0 0 18 0 0 0 10 0 17 17 0 0 10 0 16 0 11 0 19 0 0 0 0 2 8 
0 17 13 0 13 18 0 0 0 11 19 0 3 11 -1 -1 15 0 0 0 0 0 0 18 18 0 11 6 6 0 0 0 17 1 0 0 18 20 0 16 0 0 9 -1 0 0 0 0 -1 17 0 0 18 6 12 3 1 0 0 0 0 20 0 6 6 9 0 0 14 14 4 10 0 16 0 0 0 0 3 0 
16 0 0 16 0 0 0 12 0 0 11 -1 2 17 0 5 15 0 17 0 0 0 0 6 14 0 0 0 0 0 0 16 0 0 0 17 0 0 14 12 0 0 16 0 0 20 0 16 16 0 0 0 0 0 20 20 12 0 9 2 0 0 0 0 0 8 3 20 0 5 0 14 3 0 3 14 0 11 0 3 
0 0 4 5 0 13 0 0 0 8 0 12 8 1 -1 0 0 0 0 0 0 11 16 0 1 7 0 4 0 2 20 18 0 0 0 20 0 0 0 0 0 0 17 0 0 2 0 0 8 4 0 6 0 0 2 0 -1 12 0 0 15 0 0 2 16 4 14 -1 0 0 4 14 0 0 0 0 0 11 0 14 
9 0 0 0 5 0 0 0 0 0 0 19 16 0 0 0 18 0 0 19 0 -1 0 13 10 0 9 3 0 13 1 0 1 0 0 18 0 0 2 14 5 3 0 0 0 0 0 0 0 2 0 0 0 -1 0 19 0 6 2 0 20 12 0 2 14 14 13 0 1 0 13 1 20 0 0 0 0 10 0 17 
0 0 -1 6 0 0 0 18 -1 0 0 7 3 20 0 13 20 2 0 5 0 0 19 0 0 0 0 0 0 0 0 0 0 0 3 0 0 0 20 7 0 3 0 4 7 0 15 -1 2 0 6 15 0 6 0 0 0 6 15 19 0 0 0 7 13 0 0 0 0 0 9 12 0 0 0 0 2 7 0 0 
6 2 0 0 0 0 0 0 4 3 12 0 0 0 -1 0 19 15 8 0 -1 3 0 8 0 0 10 0 9 0 18 8 0 2 0 6 0 0 6 0 0 0 3 0 0 0 0 0 1 11 0 0 0 5 0 0 0 8 2 10 0 5 18 18 5 0 3 10 0 3 14 2 17 0 0 1 14 6 0 19 
0 0 0 0 0 0 0 0 0 0 20 0 3 6 1 0 16 10 7 13 -1 -1 5 20 0 0 0 12 4 7 15 8 14 0 0 6 12 0 3 13 0 3 8 3 0 3 11 0 0 18 5 0 19 0 0 1 0 0 -1 0 17 0 15 0 15 11 0 0 0 0 6 0 0 1 0 0 8 -1 0 0 
0 0 -1 0 19 15 0 4 0 14 2 7 13 0 0 4 0 0 0 8 16 1 0 16 0 0 3 0 19 0 18 5 19 0 0 13 14 0 0 0 0 0 0 0 0 18 16 0 0 0 9 0 0 0 1 0 0 0 5 -1 0 10 16 0 12 0 0 0 0 12 16 1 0 18 0 4 0 0 0 0 
15 0 4 14 5 0 0 7 0 5 0 20 0 0 0 0 0 0 0 0 13 0 0 7 11 2 9 10 11 0 14 0 1 8 13 5 0 7 0 0 0 11 0 9 0 0 0 3 2 2 2 0 11 0 17 10 0 0 10 0 8 0 13 18 18 15 10 0 0 11 0 16 0 20 0 9 0 0 0 0 
0 0 2 0 9 16 15 0 17 9 0 0 1 0 4 1 2 15 3 0 0 2 20 0 8 20 0 13 0 -1 19 0 0 17 0 0 0 -1 3 18 0 14 18 0 0 0 0 0 0 0 8 0 0 0 4 3 0 0 0 0 11 -1 0 4 18 0 0 0 0 0 0 0 8 0 0 7 10 0 6 0 
8 15 1 19 11 0 15 0 11 0 0 19 2 14 16 16 0 13 0 0 14 0 16 0 0 5 0 0 15 0 16 9 5 0 0 8 2 0 0 0 14 0 0 17 0 0 3 0 0 1 0 0 17 0 16 7 0 15 16 0 0 0 0 0 -1 0 18 4 5 15 1 0 14 0 19 0 4 0 0 15 
13 14 0 0 19 16 13 0 0 -1 0 0 0 12 0 14 0 9 0 0 0 0 8 0 0 3 15 0 0 0 6 0 0 0 0 0 14 8 0 0 14 7 4 -1 0 8 7 7 10 0 14 17 0 0 2 13 13 0 -1 18 0 0 18 20 0 0 0 11 20 0 0 5 0 4 0 0 0 12 3 13 
0 5 12 16 0 9 16 20 1 20 0 0 7 16 0 11 0 0 0 0 10 11 11 18 0 2 18 -1 0 0 1 12 0 12 0 0 0 2 0 0 5 -1 0 14 0 0 15 0 6 0 0 0 6 6 -1 20 0 20 4 13 0 17 11 0 1 0 3 0 5 0 0 9 0 2 0 0 0 0 0 5 
0 3 0 4 0 0 0 0 0 14 0 10 7 12 0 0 0 0 16 0 18 0 0 0 0 9 0 0 4 1 13 0 0 0 13 11 12 7 17 0 20 2 0 0 4 0 14 0 0 6 14 14 0 0 4 0 0 0 0 17 13 0 14 9 3 0 0 0 15 0 0 0 0 -1 1 0 6 13 0 0 
0 20 0 0 0 14 9 0 0 12 9 17 0 0 6 8 15 0 16 11 0 1 16 0 0 0 15 11 7 0 15 0 3 0 0 0 0 0 0 2 0 0 0 5 0 18 13 0 9 14 0 0 12 -1 0 2 0 2 0 0 4 10 0 0 18 6 0 12 0 1 6 6 18 0 6 0 13 9 0 16 
17 0 0 19 0 0 13 0 0 0 0 1 0 0 0 1 2 0 0 0 3 0 5 0 0 2 19 13 0 10 17 4 0 0 11 15 20 2 15 0 19 18 0 10 13 12 0 8 0 1 0 2 0 0 7 15 0 0 0 18 0 0 0 -1 18 0 2 0 -1 0 0 4 19 0 0 7 5 0 6 -1 
0 -1 8 6 0 0 2 14 0 12 0 0 14 0 0 0 0 16 14 0 11 0 7 0 11 1 5 3 0 11 8 0 0 10 0 13 12 3 0 20 0 6 19 3 0 0 4 0 12 0 7 3 0 0 0 0 9 0 1 0 0 0 0 -1 19 -1 16 0 0 0 5 4 5 1 0 20 0 0 0 4 
10 0 18 11 10 16 0 0 0 -1 3 0 4 0 3 0 0 0 2 0 -1 0 7 14 9 0 1 0 0 0 11 0 0 5 0 2 11 0 0 0 5 18 0 14 0 2 0 0 0 0 0 12 9 0 0 8 0 13 15 13 0 0 5 -1 14 0 -1 0 0 12 0 0 10 13 0 0 0 7 0 1 
0 0 4 11 12 0 0 0 18 0 0 0 19 11 0 12 0 18 0 0 0 0 1 17 0 3 11 12 10 8 10 0 0 11 10 9 16 0 12 17 0 0 -1 0 0 17 0 3 0 15 10 0 0 0 0 17 0 0 15 1 0 1 15 8 10 0 5 0 4 19 0 0 0 0 0 0 4 0 0 0 
0 0 15 4 0 0 0 0 0 11 0 19 10 0 20 1 0 2 0 0 0 11 -1 0 6 13 0 0 0 12 -1 12 2 12 4 0 10 0 18 0 10 0 6 0 9 0 7 14 0 0 14 19 15 0 0 0 17 0 0 15 0 0 0 14 0 19 0 0 0 10 0 11 19 0 14 4 0 10 10 0 
17 1 0 0 0 0 0 0 11 0 0 0 13 0 0 -1 19 0 0 1 0 5 0 0 0 0 0 0 0 7 2 0 8 0 0 6 0 0 0 0 0 0 0 17 3 0 0 0 10 0 0 0 0 20 15 5 17 0 0 1 13 9 0 0 0 0 3 5 4 16 5 8 0 0 3 1 0 3 0 10 
0 4 -1 0 18 0 13 18 0 5 0 15 0 7 0 -1 0 10 0 0 6 0 9 12 0 7 0 14 0 0 0 0 15 0 14 0 0 0 0 0 12 0 0 7 0 4 0 2 0 12 18 2 0 10 0 19 0 8 0 0 0 20 0 7 0 0 16 0 0 0 0 0 0 0 0 0 0 4 3 0 
-1 15 8 0 0 2 0 10 0 0 0 0 18 3 11 3 0 20 0 14 5 1 17 19 3 -1 0 0 7 0 0 0 15 0 0 0 0 0 0 4 1 0 0 0 3 0 0 2 0 13 0 0 1 0 0 0 19 0 0 18 0 9 10 12 20 0 15 1 5 0 0 6 0 11 0 0 0 14 4 9 
9 7 0 0 9 8 0 15 0 0 0 0 0 0 17 0 12 10 9 16 9 0 17 9 0 9 0 -1 0 7 0 2 9 0 0 0 8 0 0 0 4 0 4 12 0 0 5 0 4 14 0 0 0 3 19 0 0 0 0 0 0 6 11 0 0 0 0 19 0 0 8 0 0 0 0 0 0 14 1 0 
0 14 0 0 0 0 11 14 5 0 0 4 4 0 0 0 0 9 0 14 0 0 7 5 0 0 0 0 0 0 0 17 -1 0 0 0 0 16 0 5 3 15 9 0 0 0 0 0 -1 10 0 17 0 13 8 0 0 4 14 0 16 0 0 2 0 1 2 3 0 0 0 12 3 0 19 7 18 16 15 0 
0 2 11 12 0 0 0 6 20 0 5 0 17 20 0 13 0 7 0 0 15 0 0 11 7 6 0 0 0 1 0 20 10 12 0 0 0 0 14 12 0 0 7 -1 13 0 0 0 0 6 11 0 0 11 0 10 8 0 1 0 5 0 0 1 0 5 0 0 -1 0 0 18 19 0 -1 1 10 5 0 0 
0 0 5 0 0 1 0 0 0 0 9 0 19 0 0 15 0 0 8 0 0 0 0 0 0 20 19 0 0 14 13 5 9 0 -1 8 0 0 3 14 0 0 0 0 10 0 3 0 0 0 4 0 9 0 0 0 9 0 0 0 0 5 15 6 2 0 12 12 14 12 0 15 3 19 0 14 19 16 0 9 
0 20 0 0 7 3 0 0 2 0 0 0 12 0 14 0 0 0 18 5 0 -1 0 0 0 18 0 0 -1 0 19 0 3 2 0 9 6 0 0 0 8 0 0 0 7 5 13 0 0 18 20 0 0 13 0 4 11 19 0 0 0 0 0 0 3 4 0 2 0 0 0 15 5 13 0 4 0 0 19 2 
0 10 0 0 0 3 0 0 0 0 7 0 0 3 5 15 0 0 0 10 20 19 0 8 0 0 0 0 12 2 4 7 0 0 18 0 0 0 2 15 13 5 0 0 0 0 8 0 3 15 6 18 5 0 0 17 16 0 0 7 14 9 0 0 18 0 13 0 5 9 0 0 0 0 0 -1 0 0 0 7 
0 0 0 0 0 4 0 15 0 18 7 8 17 0 0 -1 0 7 9 0 14 1 0 -1 0 0 0 14 8 0 0 15 8 0 10 4 13 0 0 20 0 14 4 6 8 0 0 7 18 18 0 0 0 5 16 10 0 1 0 0 0 0 0 0 16 0 12 0 0 0 0 13 0 11 0 0 0 0 9 0 
14 0 0 19 7 0 0 0 0 14 18 0 5 0 -1 0 4 8 10 0 0 17 8 0 0 0 0 8 15 15 13 0 17 0 0 14 4 0 11 8 0 1 0 19 0 5 7 6 0 3 0 13 8 0 13 0 0 0 0 0 0 -1 0 2 11 0 0 12 0 0 0 18 3 10 0 15 0 -1 0 0 
0 0 12 0 8 0 0 -1 8 0 0 19 0 0 0 0 4 0 0 0 18 6 0 0 11 0 16 0 0 0 0 0 0 6 0 0 17 0 0 0 -1 0 0 0 12 0 0 0 10 0 10 7 8 0 0 0 0 0 0 0 0 5 0 0 0 2 1 18 0 0 0 1 0 19 10 0 0 7 0 0 
0 0 0 0 0 20 1 6 0 11 0 0 0 14 2 19 0 0 0 19 4 0 0 6 0 1 11 20 -1 0 3 0 0 10 0 19 12 3 0 14 0 16 0 17 7 13 0 13 2 13 8 0 0 0 0 10 0 0 5 18 1 0 20 17 1 5 16 0 0 7 11 8 0 0 0 0 11 20 3 16 
17 0 1 0 2 10 0 5 0 16 0 8 12 0 12 12 0 6 8 4 9 0 17 0 0 0 20 0 8 5 4 14 0 20 18 16 3 0 15 2 0 0 0 6 0 10 6 16 11 0 0 0 5 0 14 14 0 0 1 9 0 10 11 14 7 0 0 0 11 1 0 20 -1 0 2 6 0 0 5 16 
9 0 20 10 0 11 14 2 17 0 0 12 0 0 0 0 0 2 6 17 0 0 12 17 14 0 0 20 8 0 14 0 0 0 10 0 5 13 19 5 0 17 -1 0 0 0 10 0 0 0 3 19 0 1 19 0 4 16 15 0 15 0 19 0 0 0 0 14 4 2 0 0 0 0 1 0 0 0 6 6 
20 9 0 18 0 16 10 6 13 0 0 11 0 11 12 0 4 4 2 3 20 0 19 4 0 2 20 0 0 0 0 2 0 0 0 0 1 16 9 3 10 0 0 3 8 8 0 0 1 3 0 16 0 15 19 0 20 4 10 0 0 -1 19 0 0 0 17 2 12 2 0 20 0 7 0 20 1 0 6 20 
0 18 12 17 0 0 0 0 12 0 6 20 0 0 15 0 0 15 20 0 7 17 6 0 0 0 0 20 0 0 1 19 10 16 0 0 0 0 0 0 5 0 11 12 2 0 9 15 0 10 -1 10 4 18 4 0 0 0 0 0 0 9 17 8 0 0 0 0 11 11 0 0 2 0 3 0 0 0 7 10 
17 0 0 14 7 17 0 8 0 0 0 0 17 0 16 0 4 8 0 13 0 0 1 16 0 7 2 0 14 14 3 0 3 0 0 0 17 11 0 0 0 1 16 0 0 0 0 0 -1 20 0 0 0 0 0 11 0 9 4 8 8 0 6 0 8 18 0 12 0 0 0 0 1 0 0 0 0 -1 0 0 
0 11 0 11 0 0 0 -1 15 0 2 0 6 0 20 0 0 0 10 8 6 2 10 6 0 0 2 9 12 0 0 0 0 0 17 11 6 0 10 0 0 0 0 0 0 0 0 0 0 0 0 0 4 0 2 2 15 0 0 12 0 10 0 20 -1 0 17 5 0 0 7 0 19 0 5 0 0 13 0 6 
0 -1 18 12 0 0 5 18 0 0 13 0 0 0 17 19 -1 0 19 0 15 0 2 5 1 0 0 0 0 0 0 0 0 12 2 0 0 0 4 0 0 14 0 11 11 6 5 0 18 18 19 18 4 0 4 0 5 8 5 0 16 17 0 9 0 0 0 0 0 0 10 0 0 1 16 0 2 0 0 0 
0 0 10 0 0 -1 0 0 6 0 0 6 15 11 9 0 0 0 0 0 0 4 14 0 0 0 0 0 0 0 0 19 17 0 12 8 19 2 18 18 0 0 8 0 0 0 0 15 8 12 12 0 0 3 4 0 13 0 20 0 0 6 0 17 8 0 14 0 0 0 7 0 0 0 0 0 0 0 6 11 
2 19 2 9 1 12 0 7 0 7 0 18 0 0 0 8 0 0 0 0 5 5 0 16 5 15 16 0 0 1 2 18 0 0 7 17 9 0 0 18 0 19 13 19 0 19 17 19 0 0 0 0 10 7 14 18 0 0 14 0 12 0 0 0 11 0 9 0 0 14 0 12 14 3 0 0 0 8 0 14 
0 0 0 5 0 0 11 0 0 0 14 6 4 16 0 1 9 8 0 18 10 9 16 20 0 0 0 18 0 0 14 11 8 0 0 0 10 13 0 0 0 11 0 0 7 12 0 10 4 2 0 0 0 6 0 0 10 0 0 8 20 15 17 0 18 0 0 9 0 20 0 5 16 0 0 3 0 2 18 0 
0 0 10 1 18 0 7 7 11 15 5 20 0 -1 15 0 4 19 0 -1 1 1 11 19 19 0 19 -1 5 -1 0 4 13 6 13 0 2 18 18 0 8 0 18 0 -1 6 7 0 6 13 4 0 0 0 -1 0 0 0 8 0 10 0 0 18 10 0 0 0 3 1 0 0 0 11 0 12 0 0 0 0 
17 0 0 0 0 0 17 0 0 0 19 0 0 1 0 2 0 0 0 2 3 12 19 0 15 0 14 0 2 7 0 2 0 9 0 0 1 7 0 8 19 0 0 6 0 0 0 10 0 0 16 0 7 0 3 13 1 0 0 0 0 13 0 0 0 17 0 0 9 0 5 0 0 0 0 5 0 0 0 0 
0 4 0 0 0 0 6 16 0 18 7 0 0 13 2 0 0 0 0 0 9 0 0 14 0 0 0 0 5 11 0 11 0 0 20 14 0 0 0 13 11 9 0 14 9 20 0 0 0 0 -1 10 0 10 14 0 9 5 2 0 0 0 12 0 0 0 0 0 0 12 0 -1 11 13 0 0 17 14 0 9 
20 16 19 0 1 0 0 0 0 16 0 0 0 0 0 0 0 0 13 0 0 0 1 0 1 0 7 0 3 8 13 0 15 0 7 16 7 0 0 18 0 10 0 0 0 0 3 0 0 5 15 -1 0 0 19 0 0 20 16 2 12 0 0 17 12 3 0 0 19 17 0 16 12 0 0 19 0 0 0 14 
20 0 0 8 0 0 0 0 0 3 0 0 0 3 11 19 10 0 0 0 19 0 11 0 15 0 0 19 0 19 15 0 -1 19 1 0 16 0 18 0 0 0 15 14 0 0 20 0 14 0 12 12 0 16 0 0 0 0 0 4 0 8 5 0 1 13 9 0 0 15 8 9 0 8 2 0 -1 0 0 0 
20 0 0 0 0 20 19 20 17 0 0 3 0 0 0 13 0 0 18 0 0 17 7 0 14 20 0 0 9 0 2 8 0 14 7 5 0 0 17 0 9 0 9 0 4 0 0 0 0 15 0 5 15 20 0 13 8 9 0 9 0 2 8 13 4 0 8 19 0 19 0 0 1 2 0 0 3 12 14 18 
4 0 0 16 20 0 0 16 -1 0 0 -1 18 6 14 2 16 0 19 11 8 0 0 0 6 9 0 19 0 0 20 0 20 0 0 0 0 0 0 11 0 15 0 0 18 9 0 5 0 0 11 4 14 7 15 17 0 0 0 0 0 0 0 14 0 6 2 0 19 0 11 1 8 0 9 1 5 0 0 7 
10 0 0 6 0 11 0 14 18 13 0 0 0 0 0 15 0 7 5 0 1 0 0 0 0 8 0 10 14 13 0 0 2 0 0 0 16 11 14 0 0 0 7 0 20 0 6 9 0 0 0 0 0 14 0 14 0 0 0 19 0 0 14 0 -1 6 1 0 13 13 0 0 9 7 0 0 10 19 0 1 
0 19 7 10 9 0 0 20 0 8 12 0 0 8 0 0 0 0 0 0 0 0 4 10 0 0 0 19 0 9 2 3 8 0 10 0 0 0 0 0 5 13 0 0 15 0 0 0 5 4 0 0 0 15 0 0 0 -1 0 15 0 0 16 5 0 16 0 0 15 14 0 6 0 13 0 4 3 0 0 20 
15 2 0 20 10 0 0 14 16 0 0 11 3 0 0 0 0 0 0 16 0 0 0 0 0 0 10 0 0 4 0 0 0 9 17 0 0 3 0 4 0 20 0 0 0 16 20 11 0 5 0 0 15 17 0 17 19 20 15 0 0 0 2 0 19 0 14 0 0 0 0 0 0 0 0 20 0 0 0 13 
0 3 0 0 9 11 11 18 13 0 18 0 3 0 0 0 0 0 18 0 0 0 0 3 0 0 17 5 0 0 0 0 0 0 0 0 10 7 10 0 0 0 0 11 0 11 0 0 0 0 9 7 20 10 2 0 9 10 5 0 0 19 0 0 0 0 4 0 0 0 2 0 0 0 0 0 5 11 0 20 
0 0 0 0 0 0 0 0 0 0 0 0 0 0 0 0 0 0 0 0 0 0 0 0 0 0 0 0 0 0 0 0 0 0 0 0 0 0 0 0 0 0 0 0 0 0 0 0 0 0 0 0 0 0 0 0 0 0 0 0 0 0 0 0 0 0 0 0 0 0 0 0 0 0 0 0 0 0 0 0 
15 0 0 0 0 0 0 0 0 0 0 0 0 0 0 0 0 0 0 0 0 0 0 0 0 0 0 0 0 0 0 0 0 0 0 0 0 0 0 0 0 0 0 0 0 0 0 0 0 0 0 0 0 0 0 0 0 0 0 0 0 0 0 0 0 0 0 0 0 0 0 0 0 0 0 0 0 0 0 0 
0 12 0 0 0 0 0 0 0 0 0 0 0 0 0 0 0 0 0 0 0 0 0 0 0 0 0 0 0 0 0 0 0 0 0 0 0 0 0 0 0 0 0 0 0 0 0 0 0 0 0 0 0 0 0 0 0 0 0 0 0 0 0 0 0 0 0 0 0 0 0 0 0 0 0 0 0 0 0 0 
0 0 8 0 0 0 0 0 0 0 0 0 0 0 0 0 0 0 0 0 0 0 0 0 0 0 0 0 0 0 0 0 0 0 0 0 0 0 0 0 0 0 0 0 0 0 0 0 0 0 0 0 0 0 0 0 0 0 0 0 0 0 0 0 0 0 0 0 0 0 0 0 0 0 0 0 0 0 0 0 
0 0 0 18 0 0 0 0 0 0 0 0 0 0 0 0 0 0 0 0 0 0 0 0 0 0 0 0 0 0 0 0 0 0 0 0 0 0 0 0 0 0 0 0 0 0 0 0 0 0 0 0 0 0 0 0 0 0 0 0 0 0 0 0 0 0 0 0 0 0 0 0 0 0 0 0 0 0 0 0 
0 0 0 0 2 0 0 0 0 0 0 0 0 0 0 0 0 0 0 0 0 0 0 0 0 0 0 0 0 0 0 0 0 0 0 0 0 0 0 0 0 0 0 0 0 0 0 0 0 0 0 0 0 0 0 0 0 0 0 0 0 0 0 0 0 0 0 0 0 0 0 0 0 0 0 0 0 0 0 0 
0 0 0 0 0 -1 0 0 0 0 0 0 0 0 0 0 0 0 0 0 0 0 0 0 0 0 0 0 0 0 0 0 0 0 0 0 0 0 0 0 0 0 0 0 0 0 0 0 0 0 0 0 0 0 0 0 0 0 0 0 0 0 0 0 0 0 0 0 0 0 0 0 0 0 0 0 0 0 0 0 
0 0 0 0 0 0 4 0 0 0 0 0 0 0 0 0 0 0 0 0 0 0 0 0 0 0 0 0 0 0 0 0 0 0 0 0 0 0 0 0 0 0 0 0 0 0 0 0 0 0 0 0 0 0 0 0 0 0 0 0 0 0 0 0 0 0 0 0 0 0 0 0 0 0 0 0 0 0 0 0 
0 0 0 0 0 0 0 16 0 0 0 0 0 0 0 0 0 0 0 0 0 0 0 0 0 0 0 0 0 0 0 0 0 0 0 0 0 0 0 0 0 0 0 0 0 0 0 0 0 0 0 0 0 0 0 0 0 0 0 0 0 0 0 0 0 0 0 0 0 0 0 0 0 0 0 0 0 0 0 0 
0 0 0 0 0 0 0 0 3 0 0 0 0 0 0 0 0 0 0 0 0 0 0 0 0 0 0 0 0 0 0 0 0 0 0 0 0 0 0 0 0 0 0 0 0 0 0 0 0 0 0 0 0 0 0 0 0 0 0 0 0 0 0 0 0 0 0 0 0 0 0 0 0 0 0 0 0 0 0 0 
0 0 0 0 0 0 0 0 0 6 0 0 0 0 0 0 0 0 0 0 0 0 0 0 0 0 0 0 0 0 0 0 0 0 0 0 0 0 0 0 0 0 0 0 0 0 0 0 0 0 0 0 0 0 0 0 0 0 0 0 0 0 0 0 0 0 0 0 0 0 0 0 0 0 0 0 0 0 0 0 
0 0 0 0 0 0 0 0 0 0 9 0 0 0 0 0 0 0 0 0 0 0 0 0 0 0 0 0 0 0 0 0 0 0 0 0 0 0 0 0 0 0 0 0 0 0 0 0 0 0 0 0 0 0 0 0 0 0 0 0 0 0 0 0 0 0 0 0 0 0 0 0 0 0 0 0 0 0 0 0 
0 0 0 0 0 0 0 0 0 0 0 12 0 0 0 0 0 0 0 0 0 0 0 0 0 0 0 0 0 0 0 0 0 0 0 0 0 0 0 0 0 0 0 0 0 0 0 0 0 0 0 0 0 0 0 0 0 0 0 0 0 0 0 0 0 0 0 0 0 0 0 0 0 0 0 0 0 0 0 0 
0 0 0 0 0 0 0 0 0 0 0 0 14 0 0 0 0 0 0 0 0 0 0 0 0 0 0 0 0 0 0 0 0 0 0 0 0 0 0 0 0 0 0 0 0 0 0 0 0 0 0 0 0 0 0 0 0 0 0 0 0 0 0 0 0 0 0 0 0 0 0 0 0 0 0 0 0 0 0 0 
0 0 0 0 0 0 0 0 0 0 0 0 0 1 0 0 0 0 0 0 0 0 0 0 0 0 0 0 0 0 0 0 0 0 0 0 0 0 0 0 0 0 0 0 0 0 0 0 0 0 0 0 0 0 0 0 0 0 0 0 0 0 0 0 0 0 0 0 0 0 0 0 0 0 0 0 0 0 0 0 
0 0 0 0 0 0 0 0 0 0 0 0 0 0 7 0 0 0 0 0 0 0 0 0 0 0 0 0 0 0 0 0 0 0 0 0 0 0 0 0 0 0 0 0 0 0 0 0 0 0 0 0 0 0 0 0 0 0 0 0 0 0 0 0 0 0 0 0 0 0 0 0 0 0 0 0 0 0 0 0 
0 0 0 0 0 0 0 0 0 0 0 0 0 0 0 3 0 0 0 0 0 0 0 0 0 0 0 0 0 0 0 0 0 0 0 0 0 0 0 0 0 0 0 0 0 0 0 0 0 0 0 0 0 0 0 0 0 0 0 0 0 0 0 0 0 0 0 0 0 0 0 0 0 0 0 0 0 0 0 0 
0 0 0 0 0 0 0 0 0 0 0 0 0 0 0 0 9 0 0 0 0 0 0 0 0 0 0 0 0 0 0 0 0 0 0 0 0 0 0 0 0 0 0 0 0 0 0 0 0 0 0 0 0 0 0 0 0 0 0 0 0 0 0 0 0 0 0 0 0 0 0 0 0 0 0 0 0 0 0 0 
0 0 0 0 0 0 0 0 0 0 0 0 0 0 0 0 0 17 0 0 0 0 0 0 0 0 0 0 0 0 0 0 0 0 0 0 0 0 0 0 0 0 0 0 0 0 0 0 0 0 0 0 0 0 0 0 0 0 0 0 0 0 0 0 0 0 0 0 0 0 0 0 0 0 0 0 0 0 0 0 
0 0 0 0 0 0 0 0 0 0 0 0 0 0 0 0 0 0 6 0 0 0 0 0 0 0 0 0 0 0 0 0 0 0 0 0 0 0 0 0 0 0 0 0 0 0 0 0 0 0 0 0 0 0 0 0 0 0 0 0 0 0 0 0 0 0 0 0 0 0 0 0 0 0 0 0 0 0 0 0 
0 0 0 0 0 0 0 0 0 0 0 0 0 0 0 0 0 0 0 9 0 0 0 0 0 0 0 0 0 0 0 0 0 0 0 0 0 0 0 0 0 0 0 0 0 0 0 0 0 0 0 0 0 0 0 0 0 0 0 0 0 0 0 0 0 0 0 0 0 0 0 0 0 0 0 0 0 0 0 0 
0 0 0 0 0 0 0 0 0 0 0 0 0 0 0 0 0 0 0 0 7 0 0 0 0 0 0 0 0 0 0 0 0 0 0 0 0 0 0 0 0 0 0 0 0 0 0 0 0 0 0 0 0 0 0 0 0 0 0 0 0 0 0 0 0 0 0 0 0 0 0 0 0 0 0 0 0 0 0 0 
0 0 0 0 0 0 0 0 0 0 0 0 0 0 0 0 0 0 0 0 0 3 0 0 0 0 0 0 0 0 0 0 0 0 0 0 0 0 0 0 0 0 0 0 0 0 0 0 0 0 0 0 0 0 0 0 0 0 0 0 0 0 0 0 0 0 0 0 0 0 0 0 0 0 0 0 0 0 0 0 
0 0 0 0 0 0 0 0 0 0 0 0 0 0 0 0 0 0 0 0 0 0 18 0 0 0 0 0 0 0 0 0 0 0 0 0 0 0 0 0 0 0 0 0 0 0 0 0 0 0 0 0 0 0 0 0 0 0 0 0 0 0 0 0 0 0 0 0 0 0 0 0 0 0 0 0 0 0 0 0 
0 0 0 0 0 0 0 0 0 0 0 0 0 0 0 0 0 0 0 0 0 0 0 20 0 0 0 0 0 0 0 0 0 0 0 0 0 0 0 0 0 0 0 0 0 0 0 0 0 0 0 0 0 0 0 0 0 0 0 0 0 0 0 0 0 0 0 0 0 0 0 0 0 0 0 0 0 0 0 0 
0 0 0 0 0 0 0 0 0 0 0 0 0 0 0 0 0 0 0 0 0 0 0 0 1 0 0 0 0 0 0 0 0 0 0 0 0 0 0 0 0 0 0 0 0 0 0 0 0 0 0 0 0 0 0 0 0 0 0 0 0 0 0 0 0 0 0 0 0 0 0 0 0 0 0 0 0 0 0 0 
0 0 0 0 0 0 0 0 0 0 0 0 0 0 0 0 0 0 0 0 0 0 0 0 0 -1 0 0 0 0 0 0 0 0 0 0 0 0 0 0 0 0 0 0 0 0 0 0 0 0 0 0 0 0 0 0 0 0 0 0 0 0 0 0 0 0 0 0 0 0 0 0 0 0 0 0 0 0 0 0 
0 0 0 0 0 0 0 0 0 0 0 0 0 0 0 0 0 0 0 0 0 0 0 0 0 0 2 0 0 0 0 0 0 0 0 0 0 0 0 0 0 0 0 0 0 0 0 0 0 0 0 0 0 0 0 0 0 0 0 0 0 0 0 0 0 0 0 0 0 0 0 0 0 0 0 0 0 0 0 0 
0 0 0 0 0 0 0 0 0 0 0 0 0 0 0 0 0 0 0 0 0 0 0 0 0 0 0 13 0 0 0 0 0 0 0 0 0 0 0 0 0 0 0 0 0 0 0 0 0 0 0 0 0 0 0 0 0 0 0 0 0 0 0 0 0 0 0 0 0 0 0 0 0 0 0 0 0 0 0 0 
0 0 0 0 0 0 0 0 0 0 0 0 0 0 0 0 0 0 0 0 0 0 0 0 0 0 0 0 8 0 0 0 0 0 0 0 0 0 0 0 0 0 0 0 0 0 0 0 0 0 0 0 0 0 0 0 0 0 0 0 0 0 0 0 0 0 0 0 0 0 0 0 0 0 0 0 0 0 0 0 
0 0 0 0 0 0 0 0 0 0 0 0 0 0 0 0 0 0 0 0 0 0 0 0 0 0 0 0 0 6 0 0 0 0 0 0 0 0 0 0 0 0 0 0 0 0 0 0 0 0 0 0 0 0 0 0 0 0 0 0 0 0 0 0 0 0 0 0 0 0 0 0 0 0 0 0 0 0 0 0 
0 0 0 0 0 0 0 0 0 0 0 0 0 0 0 0 0 0 0 0 0 0 0 0 0 0 0 0 0 0 7 0 0 0 0 0 0 0 0 0 0 0 0 0 0 0 0 0 0 0 0 0 0 0 0 0 0 0 0 0 0 0 0 0 0 0 0 0 0 0 0 0 0 0 0 0 0 0 0 0 
0 0 0 0 0 0 0 0 0 0 0 0 0 0 0 0 0 0 0 0 0 0 0 0 0 0 0 0 0 0 0 -1 0 0 0 0 0 0 0 0 0 0 0 0 0 0 0 0 0 0 0 0 0 0 0 0 0 0 0 0 0 0 0 0 0 0 0 0 0 0 0 0 0 0 0 0 0 0 0 0 
0 0 0 0 0 0 0 0 0 0 0 0 0 0 0 0 0 0 0 0 0 0 0 0 0 0 0 0 0 0 0 0 15 0 0 0 0 0 0 0 0 0 0 0 0 0 0 0 0 0 0 0 0 0 0 0 0 0 0 0 0 0 0 0 0 0 0 0 0 0 0 0 0 0 0 0 0 0 0 0 
0 0 0 0 0 0 0 0 0 0 0 0 0 0 0 0 0 0 0 0 0 0 0 0 0 0 0 0 0 0 0 0 0 2 0 0 0 0 0 0 0 0 0 0 0 0 0 0 0 0 0 0 0 0 0 0 0 0 0 0 0 0 0 0 0 0 0 0 0 0 0 0 0 0 0 0 0 0 0 0 
0 0 0 0 0 0 0 0 0 0 0 0 0 0 0 0 0 0 0 0 0 0 0 0 0 0 0 0 0 0 0 0 0 0 14 0 0 0 0 0 0 0 0 0 0 0 0 0 0 0 0 0 0 0 0 0 0 0 0 0 0 0 0 0 0 0 0 0 0 0 0 0 0 0 0 0 0 0 0 0 
0 0 0 0 0 0 0 0 0 0 0 0 0 0 0 0 0 0 0 0 0 0 0 0 0 0 0 0 0 0 0 0 0 0 0 5 0 0 0 0 0 0 0 0 0 0 0 0 0 0 0 0 0 0 0 0 0 0 0 0 0 0 0 0 0 0 0 0 0 0 0 0 0 0 0 0 0 0 0 0 
0 0 0 0 0 0 0 0 0 0 0 0 0 0 0 0 0 0 0 0 0 0 0 0 0 0 0 0 0 0 0 0 0 0 0 0 17 0 0 0 0 0 0 0 0 0 0 0 0 0 0 0 0 0 0 0 0 0 0 0 0 0 0 0 0 0 0 0 0 0 0 0 0 0 0 0 0 0 0 0 
0 0 0 0 0 0 0 0 0 0 0 0 0 0 0 0 0 0 0 0 0 0 0 0 0 0 0 0 0 0 0 0 0 0 0 0 0 18 0 0 0 0 0 0 0 0 0 0 0 0 0 0 0 0 0 0 0 0 0 0 0 0 0 0 0 0 0 0 0 0 0 0 0 0 0 0 0 0 0 0 
0 0 0 0 0 0 0 0 0 0 0 0 0 0 0 0 0 0 0 0 0 0 0 0 0 0 0 0 0 0 0 0 0 0 0 0 0 0 12 0 0 0 0 0 0 0 0 0 0 0 0 0 0 0 0 0 0 0 0 0 0 0 0 0 0 0 0 0 0 0 0 0 0 0 0 0 0 0 0 0 
0 0 0 0 0 0 0 0 0 0 0 0 0 0 0 0 0 0 0 0 0 0 0 0 0 0 0 0 0 0 0 0 0 0 0 0 0 0 0 3 0 0 0 0 0 0 0 0 0 0 0 0 0 0 0 0 0 0 0 0 0 0 0 0 0 0 0 0 0 0 0 0 0 0 0 0 0 0 0 0 
0 0 0 0 0 0 0 0 0 0 0 0 0 0 0 0 0 0 0 0 0 0 0 0 0 0 0 0 0 0 0 0 0 0 0 0 0 0 0 0 10 0 0 0 0 0 0 0 0 0 0 0 0 0 0 0 0 0 0 0 0 0 0 0 0 0 0 0 0 0 0 0 0 0 0 0 0 0 0 0 
0 0 0 0 0 0 0 0 0 0 0 0 0 0 0 0 0 0 0 0 0 0 0 0 0 0 0 0 0 0 0 0 0 0 0 0 0 0 0 0 0 3 0 0 0 0 0 0 0 0 0 0 0 0 0 0 0 0 0 0 0 0 0 0 0 0 0 0 0 0 0 0 0 0 0 0 0 0 0 0 
0 0 0 0 0 0 0 0 0 0 0 0 0 0 0 0 0 0 0 0 0 0 0 0 0 0 0 0 0 0 0 0 0 0 0 0 0 0 0 0 0 0 6 0 0 0 0 0 0 0 0 0 0 0 0 0 0 0 0 0 0 0 0 0 0 0 0 0 0 0 0 0 0 0 0 0 0 0 0 0 
0 0 0 0 0 0 0 0 0 0 0 0 0 0 0 0 0 0 0 0 0 0 0 0 0 0 0 0 0 0 0 0 0 0 0 0 0 0 0 0 0 0 0 16 0 0 0 0 0 0 0 0 0 0 0 0 0 0 0 0 0 0 0 0 0 0 0 0 0 0 0 0 0 0 0 0 0 0 0 0 
0 0 0 0 0 0 0 0 0 0 0 0 0 0 0 0 0 0 0 0 0 0 0 0 0 0 0 0 0 0 0 0 0 0 0 0 0 0 0 0 0 0 0 0 8 0 0 0 0 0 0 0 0 0 0 0 0 0 0 0 0 0 0 0 0 0 0 0 0 0 0 0 0 0 0 0 0 0 0 0 
0 0 0 0 0 0 0 0 0 0 0 0 0 0 0 0 0 0 0 0 0 0 0 0 0 0 0 0 0 0 0 0 0 0 0 0 0 0 0 0 0 0 0 0 0 14 0 0 0 0 0 0 0 0 0 0 0 0 0 0 0 0 0 0 0 0 0 0 0 0 0 0 0 0 0 0 0 0 0 0 
0 0 0 0 0 0 0 0 0 0 0 0 0 0 0 0 0 0 0 0 0 0 0 0 0 0 0 0 0 0 0 0 0 0 0 0 0 0 0 0 0 0 0 0 0 0 15 0 0 0 0 0 0 0 0 0 0 0 0 0 0 0 0 0 0 0 0 0 0 0 0 0 0 0 0 0 0 0 0 0 
0 0 0 0 0 0 0 0 0 0 0 0 0 0 0 0 0 0 0 0 0 0 0 0 0 0 0 0 0 0 0 0 0 0 0 0 0 0 0 0 0 0 0 0 0 0 0 2 0 0 0 0 0 0 0 0 0 0 0 0 0 0 0 0 0 0 0 0 0 0 0 0 0 0 0 0 0 0 0 0 
0 0 0 0 0 0 0 0 0 0 0 0 0 0 0 0 0 0 0 0 0 0 0 0 0 0 0 0 0 0 0 0 0 0 0 0 0 0 0 0 0 0 0 0 0 0 0 0 -1 0 0 0 0 0 0 0 0 0 0 0 0 0 0 0 0 0 0 0 0 0 0 0 0 0 0 0 0 0 0 0 
0 0 0 0 0 0 0 0 0 0 0 0 0 0 0 0 0 0 0 0 0 0 0 0 0 0 0 0 0 0 0 0 0 0 0 0 0 0 0 0 0 0 0 0 0 0 0 0 0 3 0 0 0 0 0 0 0 0 0 0 0 0 0 0 0 0 0 0 0 0 0 0 0 0 0 0 0 0 0 0 
0 0 0 0 0 0 0 0 0 0 0 0 0 0 0 0 0 0 0 0 0 0 0 0 0 0 0 0 0 0 0 0 0 0 0 0 0 0 0 0 0 0 0 0 0 0 0 0 0 0 11 0 0 0 0 0 0 0 0 0 0 0 0 0 0 0 0 0 0 0 0 0 0 0 0 0 0 0 0 0 
0 0 0 0 0 0 0 0 0 0 0 0 0 0 0 0 0 0 0 0 0 0 0 0 0 0 0 0 0 0 0 0 0 0 0 0 0 0 0 0 0 0 0 0 0 0 0 0 0 0 0 1 0 0 0 0 0 0 0 0 0 0 0 0 0 0 0 0 0 0 0 0 0 0 0 0 0 0 0 0 
0 0 0 0 0 0 0 0 0 0 0 0 0 0 0 0 0 0 0 0 0 0 0 0 0 0 0 0 0 0 0 0 0 0 0 0 0 0 0 0 0 0 0 0 0 0 0 0 0 0 0 0 8 0 0 0 0 0 0 0 0 0 0 0 0 0 0 0 0 0 0 0 0 0 0 0 0 0 0 0 
0 0 0 0 0 0 0 0 0 0 0 0 0 0 0 0 0 0 0 0 0 0 0 0 0 0 0 0 0 0 0 0 0 0 0 0 0 0 0 0 0 0 0 0 0 0 0 0 0 0 0 0 0 3 0 0 0 0 0 0 0 0 0 0 0 0 0 0 0 0 0 0 0 0 0 0 0 0 0 0 
0 0 0 0 0 0 0 0 0 0 0 0 0 0 0 0 0 0 0 0 0 0 0 0 0 0 0 0 0 0 0 0 0 0 0 0 0 0 0 0 0 0 0 0 0 0 0 0 0 0 0 0 0 0 9 0 0 0 0 0 0 0 0 0 0 0 0 0 0 0 0 0 0 0 0 0 0 0 0 0 
0 0 0 0 0 0 0 0 0 0 0 0 0 0 0 0 0 0 0 0 0 0 0 0 0 0 0 0 0 0 0 0 0 0 0 0 0 0 0 0 0 0 0 0 0 0 0 0 0 0 0 0 0 0 0 17 0 0 0 0 0 0 0 0 0 0 0 0 0 0 0 0 0 0 0 0 0 0 0 0 
0 0 0 0 0 0 0 0 0 0 0 0 0 0 0 0 0 0 0 0 0 0 0 0 0 0 0 0 0 0 0 0 0 0 0 0 0 0 0 0 0 0 0 0 0 0 0 0 0 0 0 0 0 0 0 0 8 0 0 0 0 0 0 0 0 0 0 0 0 0 0 0 0 0 0 0 0 0 0 0 
0 0 0 0 0 0 0 0 0 0 0 0 0 0 0 0 0 0 0 0 0 0 0 0 0 0 0 0 0 0 0 0 0 0 0 0 0 0 0 0 0 0 0 0 0 0 0 0 0 0 0 0 0 0 0 0 0 16 0 0 0 0 0 0 0 0 0 0 0 0 0 0 0 0 0 0 0 0 0 0 
0 0 0 0 0 0 0 0 0 0 0 0 0 0 0 0 0 0 0 0 0 0 0 0 0 0 0 0 0 0 0 0 0 0 0 0 0 0 0 0 0 0 0 0 0 0 0 0 0 0 0 0 0 0 0 0 0 0 2 0 0 0 0 0 0 0 0 0 0 0 0 0 0 0 0 0 0 0 0 0 
0 0 0 0 0 0 0 0 0 0 0 0 0 0 0 0 0 0 0 0 0 0 0 0 0 0 0 0 0 0 0 0 0 0 0 0 0 0 0 0 0 0 0 0 0 0 0 0 0 0 0 0 0 0 0 0 0 0 0 8 0 0 0 0 0 0 0 0 0 0 0 0 0 0 0 0 0 0 0 0 
0 0 0 0 0 0 0 0 0 0 0 0 0 0 0 0 0 0 0 0 0 0 0 0 0 0 0 0 0 0 0 0 0 0 0 0 0 0 0 0 0 0 0 0 0 0 0 0 0 0 0 0 0 0 0 0 0 0 0 0 9 0 0 0 0 0 0 0 0 0 0 0 0 0 0 0 0 0 0 0 
0 0 0 0 0 0 0 0 0 0 0 0 0 0 0 0 0 0 0 0 0 0 0 0 0 0 0 0 0 0 0 0 0 0 0 0 0 0 0 0 0 0 0 0 0 0 0 0 0 0 0 0 0 0 0 0 0 0 0 0 0 3 0 0 0 0 0 0 0 0 0 0 0 0 0 0 0 0 0 0 
0 0 0 0 0 0 0 0 0 0 0 0 0 0 0 0 0 0 0 0 0 0 0 0 0 0 0 0 0 0 0 0 0 0 0 0 0 0 0 0 0 0 0 0 0 0 0 0 0 0 0 0 0 0 0 0 0 0 0 0 0 0 10 0 0 0 0 0 0 0 0 0 0 0 0 0 0 0 0 0 
0 0 0 0 0 0 0 0 0 0 0 0 0 0 0 0 0 0 0 0 0 0 0 0 0 0 0 0 0 0 0 0 0 0 0 0 0 0 0 0 0 0 0 0 0 0 0 0 0 0 0 0 0 0 0 0 0 0 0 0 0 0 0 2 0 0 0 0 0 0 0 0 0 0 0 0 0 0 0 0 
0 0 0 0 0 0 0 0 0 0 0 0 0 0 0 0 0 0 0 0 0 0 0 0 0 0 0 0 0 0 0 0 0 0 0 0 0 0 0 0 0 0 0 0 0 0 0 0 0 0 0 0 0 0 0 0 0 0 0 0 0 0 0 0 10 0 0 0 0 0 0 0 0 0 0 0 0 0 0 0 
0 0 0 0 0 0 0 0 0 0 0 0 0 0 0 0 0 0 0 0 0 0 0 0 0 0 0 0 0 0 0 0 0 0 0 0 0 0 0 0 0 0 0 0 0 0 0 0 0 0 0 0 0 0 0 0 0 0 0 0 0 0 0 0 0 4 0 0 0 0 0 0 0 0 0 0 0 0 0 0 
0 0 0 0 0 0 0 0 0 0 0 0 0 0 0 0 0 0 0 0 0 0 0 0 0 0 0 0 0 0 0 0 0 0 0 0 0 0 0 0 0 0 0 0 0 0 0 0 0 0 0 0 0 0 0 0 0 0 0 0 0 0 0 0 0 0 19 0 0 0 0 0 0 0 0 0 0 0 0 0 
0 0 0 0 0 0 0 0 0 0 0 0 0 0 0 0 0 0 0 0 0 0 0 0 0 0 0 0 0 0 0 0 0 0 0 0 0 0 0 0 0 0 0 0 0 0 0 0 0 0 0 0 0 0 0 0 0 0 0 0 0 0 0 0 0 0 0 1 0 0 0 0 0 0 0 0 0 0 0 0 
0 0 0 0 0 0 0 0 0 0 0 0 0 0 0 0 0 0 0 0 0 0 0 0 0 0 0 0 0 0 0 0 0 0 0 0 0 0 0 0 0 0 0 0 0 0 0 0 0 0 0 0 0 0 0 0 0 0 0 0 0 0 0 0 0 0 0 0 9 0 0 0 0 0 0 0 0 0 0 0 
0 0 0 0 0 0 0 0 0 0 0 0 0 0 0 0 0 0 0 0 0 0 0 0 0 0 0 0 0 0 0 0 0 0 0 0 0 0 0 0 0 0 0 0 0 0 0 0 0 0 0 0 0 0 0 0 0 0 0 0 0 0 0 0 0 0 0 0 0 6 0 0 0 0 0 0 0 0 0 0 
0 0 0 0 0 0 0 0 0 0 0 0 0 0 0 0 0 0 0 0 0 0 0 0 0 0 0 0 0 0 0 0 0 0 0 0 0 0 0 0 0 0 0 0 0 0 0 0 0 0 0 0 0 0 0 0 0 0 0 0 0 0 0 0 0 0 0 0 0 0 6 0 0 0 0 0 0 0 0 0 
0 0 0 0 0 0 0 0 0 0 0 0 0 0 0 0 0 0 0 0 0 0 0 0 0 0 0 0 0 0 0 0 0 0 0 0 0 0 0 0 0 0 0 0 0 0 0 0 0 0 0 0 0 0 0 0 0 0 0 0 0 0 0 0 0 0 0 0 0 0 0 14 0 0 0 0 0 0 0 0 
0 0 0 0 0 0 0 0 0 0 0 0 0 0 0 0 0 0 0 0 0 0 0 0 0 0 0 0 0 0 0 0 0 0 0 0 0 0 0 0 0 0 0 0 0 0 0 0 0 0 0 0 0 0 0 0 0 0 0 0 0 0 0 0 0 0 0 0 0 0 0 0 1 0 0 0 0 0 0 0 
0 0 0 0 0 0 0 0 0 0 0 0 0 0 0 0 0 0 0 0 0 0 0 0 0 0 0 0 0 0 0 0 0 0 0 0 0 0 0 0 0 0 0 0 0 0 0 0 0 0 0 0 0 0 0 0 0 0 0 0 0 0 0 0 0 0 0 0 0 0 0 0 0 13 0 0 0 0 0 0 
0 0 0 0 0 0 0 0 0 0 0 0 0 0 0 0 0 0 0 0 0 0 0 0 0 0 0 0 0 0 0 0 0 0 0 0 0 0 0 0 0 0 0 0 0 0 0 0 0 0 0 0 0 0 0 0 0 0 0 0 0 0 0 0 0 0 0 0 0 0 0 0 0 0 5 0 0 0 0 0 
0 0 0 0 0 0 0 0 0 0 0 0 0 0 0 0 0 0 0 0 0 0 0 0 0 0 0 0 0 0 0 0 0 0 0 0 0 0 0 0 0 0 0 0 0 0 0 0 0 0 0 0 0 0 0 0 0 0 0 0 0 0 0 0 0 0 0 0 0 0 0 0 0 0 0 17 0 0 0 0 
0 0 0 0 0 0 0 0 0 0 0 0 0 0 0 0 0 0 0 0 0 0 0 0 0 0 0 0 0 0 0 0 0 0 0 0 0 0 0 0 0 0 0 0 0 0 0 0 0 0 0 0 0 0 0 0 0 0 0 0 0 0 0 0 0 0 0 0 0 0 0 0 0 0 0 0 16 0 0 0 
0 0 0 0 0 0 0 0 0 0 0 0 0 0 0 0 0 0 0 0 0 0 0 0 0 0 0 0 0 0 0 0 0 0 0 0 0 0 0 0 0 0 0 0 0 0 0 0 0 0 0 0 0 0 0 0 0 0 0 0 0 0 0 0 0 0 0 0 0 0 0 0 0 0 0 0 0 5 0 0 
0 0 0 0 0 0 0 0 0 0 0 0 0 0 0 0 0 0 0 0 0 0 0 0 0 0 0 0 0 0 0 0 0 0 0 0 0 0 0 0 0 0 0 0 0 0 0 0 0 0 0 0 0 0 0 0 0 0 0 0 0 0 0 0 0 0 0 0 0 0 0 0 0 0 0 0 0 0 20 0 
0 0 0 0 0 0 0 0 0 0 0 0 0 0 0 0 0 0 0 0 0 0 0 0 0 0 0 0 0 0 0 0 0 0 0 0 0 0 0 0 0 0 0 0 0 0 0 0 0 0 0 0 0 0 0 0 0 0 0 0 0 0 0 0 0 0 0 0 0 0 0 0 0 0 0 0 0 0 0 4 
0 0 0 0 0 0 0 0 0 0 0 0 0 0 0 0 0 0 0 0 0 0 0 0 0 0 0 0 0 0 0 0 0 0 0 0 0 0 0 0 0 0 0 0 0 0 0 0 0 0 0 0 0 0 0 0 0 0 0 0 0 0 0 0 0 0 0 0 0 0 0 0 0 0 0 0 0 0 0 0 
0 0 0 0 0 0 0 0 0 0 0 0 0 0 0 0 0 0 0 0 0 0 0 0 0 0 0 0 0 0 0 0 0 0 0 0 0 0 0 0 0 0 0 0 0 0 0 0 0 0 0 0 0 0 0 0 0 0 0 0 0 0 0 0 0 0 0 0 0 0 0 0 0 0 0 0 0 0 0 0 
0 0 0 0 0 0 0 0 0 0 0 0 0 0 0 0 0 0 0 0 0 0 0 0 0 0 0 0 0 0 0 0 0 0 0 0 0 0 0 0 0 0 0 0 0 0 0 0 0 0 0 0 0 0 0 0 0 0 0 0 0 0 0 0 0 0 0 0 0 0 0 0 0 0 0 0 0 0 0 0 
0 0 0 0 0 0 0 0 0 0 0 0 0 0 0 0 0 0 0 0 0 0 0 0 0 0 0 0 0 0 0 0 0 0 0 0 0 0 0 0 0 0 0 0 0 0 0 0 0 0 0 0 0 0 0 0 0 0 0 0 0 0 0 0 0 0 0 0 0 0 0 0 0 0 0 0 0 0 0 0 
0 0 0 0 0 0 0 0 0 0 0 0 0 0 0 0 0 0 0 0 0 0 0 0 0 0 0 0 0 0 0 0 0 0 0 0 0 0 0 0 0 0 0 0 0 0 0 0 0 0 0 0 0 0 0 0 0 0 0 0 0 0 0 0 0 0 0 0 0 0 0 0 0 0 0 0 0 0 0 0 
0 0 0 0 0 0 0 0 0 0 0 0 0 0 0 0 0 0 0 0 0 0 0 0 0 0 0 0 0 0 0 0 0 0 0 0 0 0 0 0 0 0 0 0 0 0 0 0 0 0 0 0 0 0 0 0 0 0 0 0 0 0 0 0 0 0 0 0 0 0 0 0 0 0 0 0 0 0 0 0 
0 0 0 0 0 0 0 0 0 0 0 0 0 0 0 0 0 0 0 0 0 0 0 0 0 0 0 0 0 0 0 0 0 0 0 0 0 0 0 0 0 0 0 0 0 0 0 0 0 0 0 0 0 0 0 0 0 0 0 0 0 0 0 0 0 0 0 0 0 0 0 0 0 0 0 0 0 0 0 0 
0 0 0 0 0 0 0 0 0 0 0 0 0 0 0 0 0 0 0 0 0 0 0 0 0 0 0 0 0 0 0 0 0 0 0 0 0 0 0 0 0 0 0 0 0 0 0 0 0 0 0 0 0 0 0 0 0 0 0 0 0 0 0 0 0 0 0 0 0 0 0 0 0 0 0 0 0 0 0 0 
0 0 0 0 0 0 0 0 0 0 0 0 0 0 0 0 0 0 0 0 0 0 0 0 0 0 0 0 0 0 0 0 0 0 0 0 0 0 0 0 0 0 0 0 0 0 0 0 0 0 0 0 0 0 0 0 0 0 0 0 0 0 0 0 0 0 0 0 0 0 0 0 0 0 0 0 0 0 0 0 
0 0 0 0 0 0 0 0 0 0 0 0 0 0 0 0 0 0 0 0 0 0 0 0 0 0 0 0 0 0 0 0 0 0 0 0 0 0 0 0 0 0 0 0 0 0 0 0 0 0 0 0 0 0 0 0 0 0 0 0 0 0 0 0 0 0 0 0 0 0 0 0 0 0 0 0 0 0 0 0 
0 0 0 0 0 0 0 0 0 0 0 0 0 0 0 0 0 0 0 0 0 0 0 0 0 0 0 0 0 0 0 0 0 0 0 0 0 0 0 0 0 0 0 0 0 0 0 0 0 0 0 0 0 0 0 0 0 0 0 0 0 0 0 0 0 0 0 0 0 0 0 0 0 0 0 0 0 0 0 0 
0 0 0 0 0 0 0 0 0 0 0 0 0 0 0 0 0 0 0 0 0 0 0 0 0 0 0 0 0 0 0 0 0 0 0 0 0 0 0 0 0 0 0 0 0 0 0 0 0 0 0 0 0 0 0 0 0 0 0 0 0 0 0 0 0 0 0 0 0 0 0 0 0 0 0 0 0 0 0 0 
0 0 0 0 0 0 0 0 0 0 0 0 0 0 0 0 0 0 0 0 0 0 0 0 0 0 0 0 0 0 0 0 0 0 0 0 0 0 0 0 0 0 0 0 0 0 0 0 0 0 0 0 0 0 0 0 0 0 0 0 0 0 0 0 0 0 0 0 0 0 0 0 0 0 0 0 0 0 0 0 
0 0 0 0 0 0 0 0 0 0 0 0 0 0 0 0 0 0 0 0 0 0 0 0 0 0 0 0 0 0 0 0 0 0 0 0 0 0 0 0 0 0 0 0 0 0 0 0 0 0 0 0 0 0 0 0 0 0 0 0 0 0 0 0 0 0 0 0 0 0 0 0 0 0 0 0 0 0 0 0 
0 0 0 0 0 0 0 0 0 0 0 0 0 0 0 0 0 0 0 0 0 0 0 0 0 0 0 0 0 0 0 0 0 0 0 0 0 0 0 0 0 0 0 0 0 0 0 0 0 0 0 0 0 0 0 0 0 0 0 0 0 0 0 0 0 0 0 0 0 0 0 0 0 0 0 0 0 0 0 0 
0 0 0 0 0 0 0 0 0 0 0 0 0 0 0 0 0 0 0 0 0 0 0 0 0 0 0 0 0 0 0 0 0 0 0 0 0 0 0 0 0 0 0 0 0 0 0 0 0 0 0 0 0 0 0 0 0 0 0 0 0 0 0 0 0 0 0 0 0 0 0 0 0 0 0 0 0 0 0 0 
0 0 0 0 0 0 0 0 0 0 0 0 0 0 0 0 0 0 0 0 0 0 0 0 0 0 0 0 0 0 0 0 0 0 0 0 0 0 0 0 0 0 0 0 0 0 0 0 0 0 0 0 0 0 0 0 0 0 0 0 0 0 0 0 0 0 0 0 0 0 0 0 0 0 0 0 0 0 0 0 
0 0 0 0 0 0 0 0 0 0 0 0 0 0 0 0 0 0 0 0 0 0 0 0 0 0 0 0 0 0 0 0 0 0 0 0 0 0 0 0 0 0 0 0 0 0 0 0 0 0 0 0 0 0 0 0 0 0 0 0 0 0 0 0 0 0 0 0 0 0 0 0 0 0 0 0 0 0 0 0 
0 0 0 0 0 0 0 0 0 0 0 0 0 0 0 0 0 0 0 0 0 0 0 0 0 0 0 0 0 0 0 0 0 0 0 0 0 0 0 0 0 0 0 0 0 0 0 0 0 0 0 0 0 0 0 0 0 0 0 0 0 0 0 0 0 0 0 0 0 0 0 0 0 0 0 0 0 0 0 0 
0 0 0 0 0 0 0 0 0 0 0 0 0 0 0 0 0 0 0 0 0 0 0 0 0 0 0 0 0 0 0 0 0 0 0 0 0 0 0 0 0 0 0 0 0 0 0 0 0 0 0 0 0 0 0 0 0 0 0 0 0 0 0 0 0 0 0 0 0 0 0 0 0 0 0 0 0 0 0 0 
0 0 0 0 0 0 0 0 0 0 0 0 0 0 0 0 0 0 0 0 0 0 0 0 0 0 0 0 0 0 0 0 0 0 0 0 0 0 0 0 0 0 0 0 0 0 0 0 0 0 0 0 0 0 0 0 0 0 0 0 0 0 0 0 0 0 0 0 0 0 0 0 0 0 0 0 0 0 0 0 
0 0 0 0 0 0 0 0 0 0 0 0 0 0 0 0 0 0 0 0 0 0 0 0 0 0 0 0 0 0 0 0 0 0 0 0 0 0 0 0 0 0 0 0 0 0 0 0 0 0 0 0 0 0 0 0 0 0 0 0 0 0 0 0 0 0 0 0 0 0 0 0 0 0 0 0 0 0 0 0 
0 0 0 0 0 0 0 0 0 0 0 0 0 0 0 0 0 0 0 0 0 0 0 0 0 0 0 0 0 0 0 0 0 0 0 0 0 0 0 0 0 0 0 0 0 0 0 0 0 0 0 0 0 0 0 0 0 0 0 0 0 0 0 0 0 0 0 0 0 0 0 0 0 0 0 0 0 0 0 0 
0 0 0 0 0 0 0 0 0 0 0 0 0 0 0 0 0 0 0 0 0 0 0 0 0 0 0 0 0 0 0 0 0 0 0 0 0 0 0 0 0 0 0 0 0 0 0 0 0 0 0 0 0 0 0 0 0 0 0 0 0 0 0 0 0 0 0 0 0 0 0 0 0 0 0 0 0 0 0 0 
0 0 0 0 0 0 0 0 0 0 0 0 0 0 0 0 0 0 0 0 0 0 0 0 0 0 0 0 0 0 0 0 0 0 0 0 0 0 0 0 0 0 0 0 0 0 0 0 0 0 0 0 0 0 0 0 0 0 0 0 0 0 0 0 0 0 0 0 0 0 0 0 0 0 0 0 0 0 0 0 
0 0 0 0 0 0 0 0 0 0 0 0 0 0 0 0 0 0 0 0 0 0 0 0 0 0 0 0 0 0 0 0 0 0 0 0 0 0 0 0 0 0 0 0 0 0 0 0 0 0 0 0 0 0 0 0 0 0 0 0 0 0 0 0 0 0 0 0 0 0 0 0 0 0 0 0 0 0 0 0 
0 0 0 0 0 0 0 0 0 0 0 0 0 0 0 0 0 0 0 0 0 0 0 0 0 0 0 0 0 0 0 0 0 0 0 0 0 0 0 0 0 0 0 0 0 0 0 0 0 0 0 0 0 0 0 0 0 0 0 0 0 0 0 0 0 0 0 0 0 0 0 0 0 0 0 0 0 0 0 0 
0 0 0 0 0 0 0 0 0 0 0 0 0 0 0 0 0 0 0 0 0 0 0 0 0 0 0 0 0 0 0 0 0 0 0 0 0 0 0 0 0 0 0 0 0 0 0 0 0 0 0 0 0 0 0 0 0 0 0 0 0 0 0 0 0 0 0 0 0 0 0 0 0 0 0 0 0 0 0 0 
0 0 0 0 0 0 0 0 0 0 0 0 0 0 0 0 0 0 0 0 0 0 0 0 0 0 0 0 0 0 0 0 0 0 0 0 0 0 0 0 0 0 0 0 0 0 0 0 0 0 0 0 0 0 0 0 0 0 0 0 0 0 0 0 0 0 0 0 0 0 0 0 0 0 0 0 0 0 0 0 
0 0 0 0 0 0 0 0 0 0 0 0 0 0 0 0 0 0 0 0 0 0 0 0 0 0 0 0 0 0 0 0 0 0 0 0 0 0 0 0 0 0 0 0 0 0 0 0 0 0 0 0 0 0 0 0 0 0 0 0 0 0 0 0 0 0 0 0 0 0 0 0 0 0 0 0 0 0 0 0 
0 0 0 0 0 0 0 0 0 0 0 0 0 0 0 0 0 0 0 0 0 0 0 0 0 0 0 0 0 0 0 0 0 0 0 0 0 0 0 0 0 0 0 0 0 0 0 0 0 0 0 0 0 0 0 0 0 0 0 0 0 0 0 0 0 0 0 0 0 0 0 0 0 0 0 0 0 0 0 0 
0 0 0 0 0 0 0 0 0 0 0 0 0 0 0 0 0 0 0 0 0 0 0 0 0 0 0 0 0 0 0 0 0 0 0 0 0 0 0 0 0 0 0 0 0 0 0 0 0 0 0 0 0 0 0 0 0 0 0 0 0 0 0 0 0 0 0 0 0 0 0 0 0 0 0 0 0 0 0 0 
0 0 0 0 0 0 0 0 0 0 0 0 0 0 0 0 0 0 0 0 0 0 0 0 0 0 0 0 0 0 0 0 0 0 0 0 0 0 0 0 0 0 0 0 0 0 0 0 0 0 0 0 0 0 0 0 0 0 0 0 0 0 0 0 0 0 0 0 0 0 0 0 0 0 0 0 0 0 0 0 
0 0 0 0 0 0 0 0 0 0 0 0 0 0 0 0 0 0 0 0 0 0 0 0 0 0 0 0 0 0 0 0 0 0 0 0 0 0 0 0 0 0 0 0 0 0 0 0 0 0 0 0 0 0 0 0 0 0 0 0 0 0 0 0 0 0 0 0 0 0 0 0 0 0 0 0 0 0 0 0 
0 0 0 0 0 0 0 0 0 0 0 0 0 0 0 0 0 0 0 0 0 0 0 0 0 0 0 0 0 0 0 0 0 0 0 0 0 0 0 0 0 0 0 0 0 0 0 0 0 0 0 0 0 0 0 0 0 0 0 0 0 0 0 0 0 0 0 0 0 0 0 0 0 0 0 0 0 0 0 0 
0 0 0 0 0 0 0 0 0 0 0 0 0 0 0 0 0 0 0 0 0 0 0 0 0 0 0 0 0 0 0 0 0 0 0 0 0 0 0 0 0 0 0 0 0 0 0 0 0 0 0 0 0 0 0 0 0 0 0 0 0 0 0 0 0 0 0 0 0 0 0 0 0 0 0 0 0 0 0 0 
0 0 0 0 0 0 0 0 0 0 0 0 0 0 0 0 0 0 0 0 0 0 0 0 0 0 0 0 0 0 0 0 0 0 0 0 0 0 0 0 0 0 0 0 0 0 0 0 0 0 0 0 0 0 0 0 0 0 0 0 0 0 0 0 0 0 0 0 0 0 0 0 0 0 0 0 0 0 0 0 
0 0 0 0 0 0 0 0 0 0 0 0 0 0 0 0 0 0 0 0 0 0 0 0 0 0 0 0 0 0 0 0 0 0 0 0 0 0 0 0 0 0 0 0 0 0 0 0 0 0 0 0 0 0 0 0 0 0 0 0 0 0 0 0 0 0 0 0 0 0 0 0 0 0 0 0 0 0 0 0 
0 0 0 0 0 0 0 0 0 0 0 0 0 0 0 0 0 0 0 0 0 0 0 0 0 0 0 0 0 0 0 0 0 0 0 0 0 0 0 0 0 0 0 0 0 0 0 0 0 0 0 0 0 0 0 0 0 0 0 0 0 0 0 0 0 0 0 0 0 0 0 0 0 0 0 0 0 0 0 0 
0 0 0 0 0 0 0 0 0 0 0 0 0 0 0 0 0 0 0 0 0 0 0 0 0 0 0 0 0 0 0 0 0 0 0 0 0 0 0 0 0 0 0 0 0 0 0 0 0 0 0 0 0 0 0 0 0 0 0 0 0 0 0 0 0 0 0 0 0 0 0 0 0 0 0 0 0 0 0 0 
0 0 0 0 0 0 0 0 0 0 0 0 0 0 0 0 0 0 0 0 0 0 0 0 0 0 0 0 0 0 0 0 0 0 0 0 0 0 0 0 0 0 0 0 0 0 0 0 0 0 0 0 0 0 0 0 0 0 0 0 0 0 0 0 0 0 0 0 0 0 0 0 0 0 0 0 0 0 0 0 
0 0 0 0 0 0 0 0 0 0 0 0 0 0 0 0 0 0 0 0 0 0 0 0 0 0 0 0 0 0 0 0 0 0 0 0 0 0 0 0 0 0 0 0 0 0 0 0 0 0 0 0 0 0 0 0 0 0 0 0 0 0 0 0 0 0 0 0 0 0 0 0 0 0 0 0 0 0 0 0 
0 0 0 0 0 0 0 0 0 0 0 0 0 0 0 0 0 0 0 0 0 0 0 0 0 0 0 0 0 0 0 0 0 0 0 0 0 0 0 0 0 0 0 0 0 0 0 0 0 0 0 0 0 0 0 0 0 0 0 0 0 0 0 0 0 0 0 0 0 0 0 0 0 0 0 0 0 0 0 0 
0 0 0 0 0 0 0 0 0 0 0 0 0 0 0 0 0 0 0 0 0 0 0 0 0 0 0 0 0 0 0 0 0 0 0 0 0 0 0 0 0 0 0 0 0 0 0 0 0 0 0 0 0 0 0 0 0 0 0 0 0 0 0 0 0 0 0 0 0 0 0 0 0 0 0 0 0 0 0 0 
0 0 0 0 0 0 0 0 0 0 0 0 0 0 0 0 0 0 0 0 0 0 0 0 0 0 0 0 0 0 0 0 0 0 0 0 0 0 0 0 0 0 0 0 0 0 0 0 0 0 0 0 0 0 0 0 0 0 0 0 0 0 0 0 0 0 0 0 0 0 0 0 0 0 0 0 0 0 0 0 
0 0 0 0 0 0 0 0 0 0 0 0 0 0 0 0 0 0 0 0 0 0 0 0 0 0 0 0 0 0 0 0 0 0 0 0 0 0 0 0 0 0 0 0 0 0 0 0 0 0 0 0 0 0 0 0 0 0 0 0 0 0 0 0 0 0 0 0 0 0 0 0 0 0 0 0 0 0 0 0 
0 0 0 0 0 0 0 0 0 0 0 0 0 0 0 0 0 0 0 0 0 0 0 0 0 0 0 0 0 0 0 0 0 0 0 0 0 0 0 0 0 0 0 0 0 0 0 0 0 0 0 0 0 0 0 0 0 0 0 0 0 0 0 0 0 0 0 0 0 0 0 0 0 0 0 0 0 0 0 0 
0 0 0 0 0 0 0 0 0 0 0 0 0 0 0 0 0 0 0 0 0 0 0 0 0 0 0 0 0 0 0 0 0 0 0 0 0 0 0 0 0 0 0 0 0 0 0 0 0 0 0 0 0 0 0 0 0 0 0 0 0 0 0 0 0 0 0 0 0 0 0 0 0 0 0 0 0 0 0 0 
0 0 0 0 0 0 0 0 0 0 0 0 0 0 0 0 0 0 0 0 0 0 0 0 0 0 0 0 0 0 0 0 0 0 0 0 0 0 0 0 0 0 0 0 0 0 0 0 0 0 0 0 0 0 0 0 0 0 0 0 0 0 0 0 0 0 0 0 0 0 0 0 0 0 0 0 0 0 0 0 
0 0 0 0 0 0 0 0 0 0 0 0 0 0 0 0 0 0 0 0 0 0 0 0 0 0 0 0 0 0 0 0 0 0 0 0 0 0 0 0 0 0 0 0 0 0 0 0 0 0 0 0 0 0 0 0 0 0 0 0 0 0 0 0 0 0 0 0 0 0 0 0 0 0 0 0 0 0 0 0 
0 0 0 0 0 0 0 0 0 0 0 0 0 0 0 0 0 0 0 0 0 0 0 0 0 0 0 0 0 0 0 0 0 0 0 0 0 0 0 0 0 0 0 0 0 0 0 0 0 0 0 0 0 0 0 0 0 0 0 0 0 0 0 0 0 0 0 0 0 0 0 0 0 0 0 0 0 0 0 0 
0 0 0 0 0 0 0 0 0 0 0 0 0 0 0 0 0 0 0 0 0 0 0 0 0 0 0 0 0 0 0 0 0 0 0 0 0 0 0 0 0 0 0 0 0 0 0 0 0 0 0 0 0 0 0 0 0 0 0 0 0 0 0 0 0 0 0 0 0 0 0 0 0 0 0 0 0 0 0 0 
0 0 0 0 0 0 0 0 0 0 0 0 0 0 0 0 0 0 0 0 0 0 0 0 0 0 0 0 0 0 0 0 0 0 0 0 0 0 0 0 0 0 0 0 0 0 0 0 0 0 0 0 0 0 0 0 0 0 0 0 0 0 0 0 0 0 0 0 0 0 0 0 0 0 0 0 0 0 0 0 
0 0 0 0 0 0 0 0 0 0 0 0 0 0 0 0 0 0 0 0 0 0 0 0 0 0 0 0 0 0 0 0 0 0 0 0 0 0 0 0 0 0 0 0 0 0 0 0 0 0 0 0 0 0 0 0 0 0 0 0 0 0 0 0 0 0 0 0 0 0 0 0 0 0 0 0 0 0 0 0 
0 0 0 0 0 0 0 0 0 0 0 0 0 0 0 0 0 0 0 0 0 0 0 0 0 0 0 0 0 0 0 0 0 0 0 0 0 0 0 0 0 0 0 0 0 0 0 0 0 0 0 0 0 0 0 0 0 0 0 0 0 0 0 0 0 0 0 0 0 0 0 0 0 0 0 0 0 0 0 0 
0 0 0 0 0 0 0 0 0 0 0 0 0 0 0 0 0 0 0 0 0 0 0 0 0 0 0 0 0 0 0 0 0 0 0 0 0 0 0 0 0 0 0 0 0 0 0 0 0 0 0 0 0 0 0 0 0 0 0 0 0 0 0 0 0 0 0 0 0 0 0 0 0 0 0 0 0 0 0 0 
0 0 0 0 0 0 0 0 0 0 0 0 0 0 0 0 0 0 0 0 0 0 0 0 0 0 0 0 0 0 0 0 0 0 0 0 0 0 0 0 0 0 0 0 0 0 0 0 0 0 0 0 0 0 0 0 0 0 0 0 0 0 0 0 0 0 0 0 0 0 0 0 0 0 0 0 0 0 0 0 
0 0 0 0 0 0 0 0 0 0 0 0 0 0 0 0 0 0 0 0 0 0 0 0 0 0 0 0 0 0 0 0 0 0 0 0 0 0 0 0 0 0 0 0 0 0 0 0 0 0 0 0 0 0 0 0 0 0 0 0 0 0 0 0 0 0 0 0 0 0 0 0 0 0 0 0 0 0 0 0 
0 0 0 0 0 0 0 0 0 0 0 0 0 0 0 0 0 0 0 0 0 0 0 0 0 0 0 0 0 0 0 0 0 0 0 0 0 0 0 0 0 0 0 0 0 0 0 0 0 0 0 0 0 0 0 0 0 0 0 0 0 0 0 0 0 0 0 0 0 0 0 0 0 0 0 0 0 0 0 0 
0 0 0 0 0 0 0 0 0 0 0 0 0 0 0 0 0 0 0 0 0 0 0 0 0 0 0 0 0 0 0 0 0 0 0 0 0 0 0 0 0 0 0 0 0 0 0 0 0 0 0 0 0 0 0 0 0 0 0 0 0 0 0 0 0 0 0 0 0 0 0 0 0 0 0 0 0 0 0 0 
0 0 0 0 0 0 0 0 0 0 0 0 0 0 0 0 0 0 0 0 0 0 0 0 0 0 0 0 0 0 0 0 0 0 0 0 0 0 0 0 0 0 0 0 0 0 0 0 0 0 0 0 0 0 0 0 0 0 0 0 0 0 0 0 0 0 0 0 0 0 0 0 0 0 0 0 0 0 0 0 
0 0 0 0 0 0 0 0 0 0 0 0 0 0 0 0 0 0 0 0 0 0 0 0 0 0 0 0 0 0 0 0 0 0 0 0 0 0 0 0 0 0 0 0 0 0 0 0 0 0 0 0 0 0 0 0 0 0 0 0 0 0 0 0 0 0 0 0 0 0 0 0 0 0 0 0 0 0 0 0 
0 0 0 0 0 0 0 0 0 0 0 0 0 0 0 0 0 0 0 0 0 0 0 0 0 0 0 0 0 0 0 0 0 0 0 0 0 0 0 0 0 0 0 0 0 0 0 0 0 0 0 0 0 0 0 0 0 0 0 0 0 0 0 0 0 0 0 0 0 0 0 0 0 0 0 0 0 0 0 0 
0 0 0 0 0 0 0 0 0 0 0 0 0 0 0 0 0 0 0 0 0 0 0 0 0 0 0 0 0 0 0 0 0 0 0 0 0 0 0 0 0 0 0 0 0 0 0 0 0 0 0 0 0 0 0 0 0 0 0 0 0 0 0 0 0 0 0 0 0 0 0 0 0 0 0 0 0 0 0 0 
0 0 0 0 0 0 0 0 0 0 0 0 0 0 0 0 0 0 0 0 0 0 0 0 0 0 0 0 0 0 0 0 0 0 0 0 0 0 0 0 0 0 0 0 0 0 0 0 0 0 0 0 0 0 0 0 0 0 0 0 0 0 0 0 0 0 0 0 0 0 0 0 0 0 0 0 0 0 0 0 
0 0 0 0 0 0 0 0 0 0 0 0 0 0 0 0 0 0 0 0 0 0 0 0 0 0 0 0 0 0 0 0 0 0 0 0 0 0 0 0 0 0 0 0 0 0 0 0 0 0 0 0 0 0 0 0 0 0 0 0 0 0 0 0 0 0 0 0 0 0 0 0 0 0 0 0 0 0 0 0 
0 0 0 0 0 0 0 0 0 0 0 0 0 0 0 0 0 0 0 0 0 0 0 0 0 0 0 0 0 0 0 0 0 0 0 0 0 0 0 0 0 0 0 0 0 0 0 0 0 0 0 0 0 0 0 0 0 0 0 0 0 0 0 0 0 0 0 0 0 0 0 0 0 0 0 0 0 0 0 0 
0 0 0 0 0 0 0 0 0 0 0 0 0 0 0 0 0 0 0 0 0 0 0 0 0 0 0 0 0 0 0 0 0 0 0 0 0 0 0 0 0 0 0 0 0 0 0 0 0 0 0 0 0 0 0 0 0 0 0 0 0 0 0 0 0 0 0 0 0 0 0 0 0 0 0 0 0 0 0 0 
0 0 0 0 0 0 0 0 0 0 0 0 0 0 0 0 0 0 0 0 0 0 0 0 0 0 0 0 0 0 0 0 0 0 0 0 0 0 0 0 0 0 0 0 0 0 0 0 0 0 0 0 0 0 0 0 0 0 0 0 0 0 0 0 0 0 0 0 0 0 0 0 0 0 0 0 0 0 0 0 
0 0 0 0 0 0 0 0 0 0 0 0 0 0 0 0 0 0 0 0 0 0 0 0 0 0 0 0 0 0 0 0 0 0 0 0 0 0 0 0 0 0 0 0 0 0 0 0 0 0 0 0 0 0 0 0 0 0 0 0 0 0 0 0 0 0 0 0 0 0 0 0 0 0 0 0 0 0 0 0 
0 0 0 0 0 0 0 0 0 0 0 0 0 0 0 0 0 0 0 0 0 0 0 0 0 0 0 0 0 0 0 0 0 0 0 0 0 0 0 0 0 0 0 0 0 0 0 0 0 0 0 0 0 0 0 0 0 0 0 0 0 0 0 0 0 0 0 0 0 0 0 0 0 0 0 0 0 0 0 0 
0 0 0 0 0 0 0 0 0 0 0 0 0 0 0 0 0 0 0 0 0 0 0 0 0 0 0 0 0 0 0 0 0 0 0 0 0 0 0 0 0 0 0 0 0 0 0 0 0 0 0 0 0 0 0 0 0 0 0 0 0 0 0 0 0 0 0 0 0 0 0 0 0 0 0 0 0 0 0 0 
0 0 0 0 0 0 0 0 0 0 0 0 0 0 0 0 0 0 0 0 0 0 0 0 0 0 0 0 0 0 0 0 0 0 0 0 0 0 0 0 0 0 0 0 0 0 0 0 0 0 0 0 0 0 0 0 0 0 0 0 0 0 0 0 0 0 0 0 0 0 0 0 0 0 0 0 0 0 0 0 
0 0 0 0 0 0 0 0 0 0 0 0 0 0 0 0 0 0 0 0 0 0 0 0 0 0 0 0 0 0 0 0 0 0 0 0 0 0 0 0 0 0 0 0 0 0 0 0 0 0 0 0 0 0 0 0 0 0 0 0 0 0 0 0 0 0 0 0 0 0 0 0 0 0 0 0 0 0 0 0 
0 0 0 0 0 0 0 0 0 0 0 0 0 0 0 0 0 0 0 0 0 0 0 0 0 0 0 0 0 0 0 0 0 0 0 0 0 0 0 0 0 0 0 0 0 0 0 0 0 0 0 0 0 0 0 0 0 0 0 0 0 0 0 0 0 0 0 0 0 0 0 0 0 0 0 0 0 0 0 0 
0 0 0 0 0 0 0 0 0 0 0 0 0 0 0 0 0 0 0 0 0 0 0 0 0 0 0 0 0 0 0 0 0 0 0 0 0 0 0 0 0 0 0 0 0 0 0 0 0 0 0 0 0 0 0 0 0 0 0 0 0 0 0 0 0 0 0 0 0 0 0 0 0 0 0 0 0 0 0 0 
0 0 0 0 0 0 0 0 0 0 0 0 0 0 0 0 0 0 0 0 0 0 0 0 0 0 0 0 0 0 0 0 0 0 0 0 0 0 0 0 0 0 0 0 0 0 0 0 0 0 0 0 0 0 0 0 0 0 0 0 0 0 0 0 0 0 0 0 0 0 0 0 0 0 0 0 0 0 0 0 
0 0 0 0 0 0 0 0 0 0 0 0 0 0 0 0 0 0 0 0 0 0 0 0 0 0 0 0 0 0 0 0 0 0 0 0 0 0 0 0 0 0 0 0 0 0 0 0 0 0 0 0 0 0 0 0 0 0 0 0 0 0 0 0 0 0 0 0 0 0 0 0 0 0 0 0 0 0 0 0 
0 0 0 0 0 0 0 0 0 0 0 0 0 0 0 0 0 0 0 0 0 0 0 0 0 0 0 0 0 0 0 0 0 0 0 0 0 0 0 0 0 0 0 0 0 0 0 0 0 0 0 0 0 0 0 0 0 0 0 0 0 0 0 0 0 0 0 0 0 0 0 0 0 0 0 0 0 0 0 0 
1 1 1 1 1 1 1 1 1 1 1 1 1 1 1 1 1 1 1 1 1 1 1 1 1 1 1 1 1 1 1 1 1 1 1 1 1 1 1 1 1 1 1 1 1 1 1 1 1 1 1 1 1 1 1 1 1 1 1 1 1 1 1 1 1 1 1 1 1 1 1 1 1 1 1 1 1 1 1 1 
76 93 93 97 55 50 74 68 100 68 72 66 99 58 64 98 54 90 50 78 76 64 90 87 69 78 75 61 97 58 97 72 75 90 94 80 64 67 72 63 59 95 53 57 52 67 79 81 81 80 83 56 94 72 93 62 100 92 73 70 74 70 66 100 84 59 53 98 50 50 61 59 95 89 67 71 56 70 76 87 100 58 68 93 80 85 80 53 77 52 73 75 97 63 99 80 73 77 52 73 77 88 57 96 76 99 91 82 68 66 94 68 99 61 60 78 96 64 55 97 92 52 72 88 65 95 93 62 71 69 86 98 56 93 93 82 91 83 89 58 73 82 76 71 67 61 73 87 75 78 58 91 54 80 79 70 74 96 82 26 
1 1 1 1 1 1 1 1 1 1 1 1 1 1 1 1 1 1 1 1 1 1 1 1 1 1 1 1 1 1 1 1 1 1 1 1 1 1 1 1 1 1 1 1 1 1 1 1 1 1 1 1 1 1 1 1 1 1 1 1 1 1 1 1 1 1 1 1 1 1 1 1 1 1 1 1 1 1 1 1 1 1 1 1 1 1 1 1 1 1 1 1 1 1 1 1 1 1 1 1 1 1 1 1 1 1 1 1 1 1 1 1 1 1 1 1 1 1 1 1 1 1 1 1 1 1 1 1 1 1 1 1 1 1 1 1 1 1 1 1 1 1 1 1 1 1 1 1 1 1 1 1 1 1 1 1 1 1 1 1 
