160
80
80
-2 -5 4 9 -4 -7 1 3 -4 -4 -3 -10 5 4 -10 -8 10 -6 -3 3 -2 9 9 4 -7 -6 9 5 -3 7 5 6 -8 -2 5 1 2 -2 -5 -10 6 3 -9 1 -4 -6 6 -4 -2 -5 10 9 -4 9 5 -0 -5 4 -4 2 3 -9 -2 7 -0 -6 -2 -7 3 4 -6 1 -4 -3 -7 3 2 10 10 -8 
-86 71 -88 -74 -62 -45 111 173 177 179 -185 -148 -167 49 100 -127 125 26 51 164 41 -113 95 -10 57 -22 151 71 -172 -133 -23 -130 138 16 -3 -197 99 -165 177 76 -186 120 56 175 -104 -45 -152 -179 182 27 112 -51 115 7 67 -28 113 18 171 142 85 -126 139 -50 91 -137 -119 -10 -102 186 194 -160 106 50 -185 130 -195 -136 79 114 
-4 -9 -7 3 -8 9 -6 -3 4 1 10 -1 5 -0 -4 -4 5 6 -0 -1 -0 7 -10 9 -6 -6 4 8 -5 6 -8 2 8 -5 -3 10 -4 2 -3 -8 -5 -1 1 10 10 8 -2 6 4 -10 -3 -5 8 -0 -4 -7 4 10 -7 -9 8 -4 4 5 4 -7 7 10 5 -4 -6 -10 6 6 -8 8 5 1 6 1 
92 -9 -137 -67 126 131 106 38 -52 3 -93 161 78 -154 -162 -104 -91 -80 14 8 -167 8 49 67 -142 64 -3 191 56 -124 105 -53 67 169 8 -7 27 -159 159 103 45 -135 64 -150 -88 30 -53 22 78 162 -170 112 -30 6 -21 -45 -130 104 -54 54 180 -149 129 -26 148 -63 95 -25 -22 53 -123 -177 119 69 -200 -169 -175 -52 53 104 
4 0 5 0 0 11 6 0 0 0 0 0 0 0 7 0 2 0 0 3 0 13 4 18 4 19 -1 0 0 -1 0 12 2 0 0 0 6 2 0 7 11 12 0 0 7 17 6 9 0 19 11 0 0 6 0 0 18 0 0 18 0 16 2 16 0 0 0 0 0 0 0 0 3 6 0 1 17 12 0 0 
18 3 0 1 9 0 6 1 0 11 12 0 3 3 0 0 6 0 1 0 2 0 14 0 0 0 0 0 0 15 0 0 10 8 0 12 12 0 0 14 17 11 0 0 0 0 10 9 19 0 6 11 5 0 19 0 0 0 0 13 19 19 0 0 0 0 0 0 14 8 0 20 0 0 16 18 12 6 -1 0 
0 0 0 0 0 0 0 8 0 0 0 0 0 16 20 0 0 -1 3 4 15 0 0 0 17 18 17 7 -1 0 0 0 0 0 15 15 7 4 10 14 4 18 0 0 16 0 0 13 0 5 5 0 0 1 0 20 0 2 20 5 0 0 0 0 0 2 0 0 20 0 8 0 2 0 0 0 0 0 9 18 
0 0 0 7 0 20 0 12 0 16 0 0 0 18 0 19 2 0 19 8 14 17 0 0 14 14 12 14 0 0 0 12 8 0 0 0 0 0 0 0 0 0 0 0 0 17 0 0 0 11 15 2 2 0 0 5 0 0 0 0 5 0 0 0 0 6 9 4 0 0 11 11 0 11 0 -1 0 0 0 12 
0 6 2 0 0 0 11 0 13 0 15 0 7 0 0 0 0 0 -1 0 8 3 0 0 0 0 6 0 4 1 0 4 0 20 15 10 0 0 12 0 0 13 0 0 0 0 0 0 0 0 0 0 17 0 5 0 20 0 0 11 19 19 20 19 0 13 0 0 0 0 15 3 4 0 11 0 9 0 0 2 
6 8 8 0 1 0 0 0 20 0 17 0 13 0 0 6 0 5 20 0 0 12 13 9 0 -1 0 16 0 0 0 8 0 0 3 17 0 0 -1 0 0 5 -1 0 10 0 0 0 0 17 0 0 0 10 0 5 0 0 6 0 0 0 0 14 0 0 8 15 -1 0 0 0 16 0 0 5 13 15 5 15 
16 0 0 0 0 3 0 0 0 1 0 0 0 0 0 20 0 0 0 0 18 0 9 18 7 18 18 17 13 10 0 0 0 13 0 3 0 15 10 0 2 0 0 0 10 0 8 0 0 0 0 1 0 20 14 0 0 0 15 0 0 7 0 15 14 13 10 0 19 0 0 13 4 0 0 11 10 0 0 0 
0 6 15 3 19 0 5 18 0 0 8 0 0 15 1 0 14 13 20 0 0 0 17 0 0 0 3 0 0 0 20 0 15 0 0 14 0 0 14 9 4 0 0 7 10 0 18 19 0 0 6 7 0 1 0 0 0 1 0 6 0 0 15 0 0 0 5 16 14 0 9 8 2 0 0 0 6 0 11 0 
0 0 0 5 17 18 0 0 0 0 0 0 0 0 0 10 0 0 0 18 0 0 16 14 0 0 0 0 0 0 20 0 0 0 8 10 0 0 7 0 0 14 0 0 0 9 5 -1 14 0 7 -1 12 0 0 0 19 0 7 0 19 0 17 5 0 15 20 19 0 0 0 5 15 9 11 0 5 0 0 0 
0 18 0 0 0 20 0 19 11 8 9 9 18 0 0 0 1 0 0 0 10 5 14 15 11 0 0 20 0 12 13 0 0 0 0 18 0 0 0 1 5 18 0 0 -1 18 0 13 0 0 0 0 12 7 19 0 12 1 10 19 0 0 -1 0 0 0 0 0 0 0 11 18 17 0 10 0 9 0 16 2 
8 4 0 4 10 18 0 0 0 0 0 8 0 0 0 0 0 0 0 19 0 7 0 0 0 0 20 0 0 0 0 0 0 0 19 0 0 10 0 2 13 0 0 6 0 0 1 0 0 14 0 0 6 12 4 0 8 0 0 0 0 0 0 0 0 12 5 0 0 19 0 8 11 0 0 6 11 0 0 0 
0 1 11 14 20 0 6 5 3 0 0 0 5 0 0 0 8 18 5 0 0 8 0 15 7 0 0 0 9 14 15 6 0 0 0 0 10 0 3 0 17 3 7 1 0 0 5 0 16 8 0 17 3 2 10 0 -1 0 4 0 0 3 20 10 0 -1 15 4 -1 0 0 19 0 0 6 16 6 9 0 0 
0 0 7 1 0 13 0 0 0 0 0 0 0 13 9 20 3 0 5 18 0 0 0 0 0 4 6 0 0 7 20 0 16 0 5 7 0 0 7 13 9 19 0 0 12 8 0 0 17 -1 0 0 17 0 0 -1 19 0 14 0 2 8 11 19 19 17 0 18 0 13 0 0 0 -1 0 15 0 16 17 0 
4 9 3 0 4 7 0 16 0 0 0 9 1 10 9 18 6 0 0 3 3 0 0 0 0 0 2 0 15 0 3 0 11 0 0 19 0 8 0 0 0 12 -1 -1 0 1 11 7 0 3 13 0 18 11 0 0 14 15 0 2 10 0 13 0 0 12 16 9 20 0 2 0 0 0 0 10 8 17 0 3 
4 1 0 0 -1 0 8 0 0 12 10 0 0 1 0 1 0 2 0 -1 18 0 13 11 11 0 12 7 17 16 0 0 0 14 0 0 10 0 12 18 0 0 0 -1 3 17 9 0 0 0 2 0 4 0 0 0 0 0 9 6 0 20 20 0 18 15 0 14 5 0 0 4 0 6 0 0 4 0 4 17 
0 0 8 0 17 16 14 0 0 0 0 17 0 20 0 0 17 9 0 0 17 6 4 0 0 0 0 0 7 7 0 0 19 18 17 -1 3 0 0 17 7 19 3 5 15 7 0 0 0 0 0 0 0 20 0 8 14 14 0 0 10 14 19 20 2 0 0 8 9 0 11 0 0 0 0 -1 0 12 0 0 
1 0 0 0 6 4 0 13 0 0 0 -1 0 4 0 0 0 0 12 0 0 5 0 16 17 12 0 4 15 0 0 3 1 5 0 0 6 5 0 0 0 2 15 14 12 0 0 10 0 0 0 0 15 0 12 3 7 2 8 0 0 12 0 2 2 0 0 15 4 0 0 0 0 16 0 0 8 11 0 0 
0 0 0 18 0 12 19 0 18 0 0 12 9 11 0 11 0 8 0 15 0 3 6 3 0 7 0 0 4 0 18 18 0 0 0 0 13 4 0 2 0 16 0 -1 0 0 10 0 0 13 0 0 5 2 12 0 0 0 0 14 18 0 3 19 0 6 0 0 0 0 13 3 0 16 15 0 0 0 10 7 
15 0 17 2 2 7 20 13 5 10 0 0 18 10 8 16 6 15 6 0 15 13 3 0 0 0 0 17 8 0 0 0 10 0 7 7 0 18 0 1 0 17 0 20 0 11 3 0 0 -1 12 16 0 0 0 12 4 7 0 0 1 14 16 14 0 1 1 0 20 0 0 13 0 3 0 11 10 0 0 0 
19 0 0 11 0 0 0 0 0 20 11 0 0 1 -1 18 0 9 0 2 0 1 0 19 1 5 0 0 5 0 0 17 0 19 0 0 0 0 17 0 11 0 0 12 15 0 7 0 0 0 11 0 0 12 11 0 0 8 19 0 15 0 0 0 0 7 14 9 20 0 1 13 0 2 4 19 0 0 0 0 
17 0 0 0 0 19 1 0 0 0 0 0 20 0 0 15 0 9 7 0 0 6 10 0 20 12 0 0 19 20 0 0 0 0 0 0 0 -1 18 0 12 0 6 20 -1 0 7 0 0 15 0 0 0 19 0 0 15 0 12 3 0 0 0 18 0 0 0 12 0 0 0 13 0 -1 10 0 14 0 -1 8 
0 6 13 16 17 12 0 0 19 0 0 0 0 0 7 0 19 0 6 0 2 8 10 0 0 0 3 5 0 17 18 0 9 14 11 0 0 0 0 -1 0 15 19 5 0 0 4 0 6 0 0 17 0 10 0 0 9 7 14 6 0 19 13 7 0 7 1 0 0 0 20 0 0 0 0 2 0 4 18 12 
3 0 0 0 18 0 12 0 6 0 11 0 0 19 6 3 0 0 5 1 0 0 1 0 19 0 0 18 0 2 3 0 19 9 0 0 0 20 0 0 5 0 3 0 9 0 2 0 0 0 0 0 0 1 20 0 15 16 0 10 0 11 0 0 0 0 0 0 0 0 0 0 1 0 0 9 0 0 0 0 
0 18 0 2 0 0 7 12 0 0 0 0 18 0 0 0 0 12 0 14 10 6 0 5 3 0 5 0 0 11 3 -1 -1 0 3 3 11 0 9 18 13 17 0 0 10 0 11 0 0 0 0 0 0 0 12 0 0 0 0 14 0 0 17 3 10 5 0 6 0 -1 9 19 0 8 20 0 0 0 8 8 
0 0 14 11 5 0 0 0 20 20 0 15 3 0 9 11 0 13 0 0 11 0 0 1 19 0 0 13 0 0 3 1 10 0 13 19 0 9 0 0 0 10 16 19 0 0 0 0 17 0 0 10 8 0 0 7 0 12 7 10 0 20 0 -1 0 15 0 0 16 4 0 17 15 0 0 1 13 6 20 11 
3 13 4 -1 0 15 0 0 7 0 0 0 0 0 10 14 20 0 0 0 0 4 0 0 4 10 16 11 0 0 17 0 0 0 0 0 19 0 16 0 10 10 0 0 0 0 8 0 0 13 0 -1 15 4 18 0 12 0 10 19 11 13 5 0 0 0 8 0 0 0 0 0 13 14 0 0 2 0 20 0 
0 0 2 0 2 14 0 0 0 17 0 13 0 0 5 0 0 1 20 10 5 3 4 18 5 3 0 0 7 -1 4 9 0 6 1 8 0 20 0 0 6 0 0 0 1 0 4 4 0 0 0 17 0 0 6 -1 0 0 6 0 17 16 15 0 0 13 0 19 4 16 14 0 0 0 0 0 1 0 0 14 
0 18 7 15 7 0 18 6 0 6 0 17 20 0 0 0 0 0 19 0 10 0 10 0 2 3 0 0 0 0 0 0 0 15 20 18 5 0 0 12 0 7 0 0 10 0 0 0 0 0 2 0 20 0 0 19 6 0 0 4 20 11 4 0 0 0 0 0 0 0 0 0 0 0 0 0 8 0 3 0 
0 2 0 9 0 7 0 -1 20 0 1 0 11 16 3 2 0 3 20 0 0 0 0 -1 0 0 0 16 8 6 0 0 15 6 -1 0 0 4 0 0 18 0 0 0 0 0 13 4 0 0 5 10 0 0 20 0 -1 15 0 0 0 0 0 0 3 4 2 0 0 0 3 0 0 15 0 0 19 0 0 0 
4 0 0 0 0 0 0 -1 19 0 0 4 0 0 0 0 1 0 0 0 2 0 2 0 0 15 5 1 16 0 0 0 17 0 0 0 0 0 4 0 0 15 0 0 0 0 0 0 12 0 0 0 13 0 9 0 0 1 16 0 0 14 12 1 0 3 19 2 0 0 0 4 8 0 17 20 0 15 11 0 
0 16 0 10 2 0 4 3 0 0 0 0 0 0 0 9 0 0 18 0 9 4 10 0 0 0 0 0 0 18 11 0 0 0 0 4 0 13 0 0 -1 3 0 0 0 3 0 4 14 0 0 11 0 0 0 15 0 3 -1 0 1 17 0 8 0 4 7 1 0 0 0 0 3 10 20 18 0 0 13 0 
7 0 16 0 0 18 2 10 0 0 0 0 0 3 0 0 4 17 5 0 0 0 0 0 6 0 0 8 0 0 0 0 5 0 -1 0 17 11 12 0 0 0 0 20 9 7 0 1 18 2 0 14 0 0 0 13 18 8 12 12 3 9 -1 0 0 0 2 0 0 2 6 0 0 0 0 0 14 0 1 0 
17 20 5 17 1 0 0 0 0 0 0 0 7 0 0 0 0 0 0 0 1 18 0 0 0 0 0 0 14 0 7 8 18 1 8 4 0 20 12 0 20 13 0 11 1 14 5 14 14 0 0 2 0 0 6 0 0 19 0 -1 0 0 9 0 0 3 7 0 0 8 0 16 0 2 0 0 -1 0 -1 0 
17 7 -1 0 0 0 5 0 10 0 17 10 19 4 0 0 11 16 19 14 0 8 17 0 17 0 5 0 13 19 17 0 0 14 7 4 0 0 0 0 0 18 0 7 15 0 0 0 11 6 6 0 6 8 0 0 4 0 14 7 0 0 0 8 0 5 7 0 0 4 0 13 0 10 2 0 8 0 0 0 
0 0 18 -1 0 12 19 16 8 0 0 7 8 2 0 0 4 0 0 0 5 0 9 0 0 12 0 19 0 9 0 8 2 12 6 0 13 5 0 5 0 0 17 0 0 1 0 1 17 0 0 19 0 0 0 0 18 9 13 13 0 0 19 0 0 5 0 0 0 0 16 12 0 19 16 0 0 0 0 0 
-1 9 0 13 14 0 11 20 0 15 0 0 0 0 15 4 5 0 1 0 0 0 0 4 0 4 3 0 0 0 0 0 0 0 0 8 5 13 0 0 17 16 4 2 2 -1 0 0 12 0 0 4 15 4 0 0 0 0 0 16 0 4 0 2 18 0 1 0 0 0 17 0 6 8 0 0 -1 13 0 15 
0 20 7 13 0 6 17 2 0 6 18 0 0 17 0 19 10 13 8 0 8 0 16 15 3 0 0 18 0 3 0 4 0 0 0 1 0 0 0 0 10 0 1 3 4 12 0 0 5 14 0 0 9 0 0 9 0 5 4 14 4 0 0 10 1 10 15 4 0 0 0 0 0 0 0 11 0 11 14 0 
0 0 7 2 3 0 0 0 0 7 0 0 0 0 0 0 0 0 0 16 6 13 17 0 17 0 0 9 0 8 0 18 0 0 0 0 0 0 10 0 0 0 9 16 0 0 0 0 0 0 1 10 0 0 15 -1 6 9 0 0 0 0 0 5 2 17 0 7 0 5 8 5 0 0 1 19 0 -1 6 0 
0 0 3 16 0 0 -1 0 5 0 0 18 0 0 16 0 12 15 0 5 5 0 14 0 0 20 0 5 0 0 0 0 13 8 2 5 0 0 0 20 2 16 0 12 13 13 8 8 0 0 18 8 20 -1 16 0 0 8 5 0 20 9 1 12 0 0 0 14 0 11 0 17 0 15 1 0 13 0 0 7 
0 10 3 0 14 20 0 0 0 0 0 18 0 0 6 -1 14 0 0 0 0 0 15 15 2 16 0 10 14 10 0 0 0 0 19 0 0 0 16 18 0 0 0 1 16 0 2 0 0 0 0 16 14 -1 12 0 20 0 19 6 0 18 2 8 19 0 0 2 0 0 15 15 0 20 0 11 0 11 0 0 
0 7 7 5 0 9 0 0 0 0 0 0 11 0 14 5 0 0 0 3 0 15 17 12 0 0 0 0 0 0 0 14 17 3 17 0 0 -1 0 1 0 19 3 2 4 0 3 18 0 0 8 0 0 5 15 20 0 0 15 0 20 20 0 0 8 13 0 17 1 0 7 5 0 2 1 0 0 6 8 7 
0 0 20 0 0 20 9 0 0 19 0 13 7 0 0 14 0 16 13 0 0 0 0 0 0 0 0 0 0 9 0 0 0 5 0 9 0 3 5 0 0 9 0 0 9 0 17 17 9 2 12 0 0 18 0 0 0 0 0 0 0 0 0 4 19 0 0 0 0 17 0 0 3 6 0 1 7 0 0 5 
5 20 20 0 0 16 6 3 10 0 0 0 18 14 0 0 3 0 0 0 16 0 19 0 0 13 4 5 14 0 8 0 0 0 9 18 8 0 19 0 -1 0 0 0 17 18 0 0 0 0 20 15 0 0 9 0 0 0 12 0 0 5 1 20 6 15 0 0 4 0 0 4 0 0 0 3 0 11 7 18 
0 -1 18 0 4 6 7 0 -1 0 0 0 14 15 0 0 0 0 0 0 20 0 16 0 0 0 2 0 0 0 8 15 0 14 0 10 7 0 0 5 0 0 17 0 7 0 0 10 0 7 13 15 16 0 0 13 1 0 0 0 0 0 0 11 0 9 18 0 11 13 13 18 0 0 14 19 13 0 0 0 
9 7 0 1 1 0 0 0 8 0 0 12 0 0 0 8 0 0 0 0 19 4 20 16 17 11 6 5 0 0 8 16 0 10 7 0 0 10 0 0 13 0 0 0 8 0 0 10 10 0 0 4 6 5 0 0 0 0 0 12 20 6 0 0 12 15 13 6 1 15 6 0 18 0 2 10 14 14 0 9 
-1 0 0 0 18 16 18 -1 0 0 9 0 13 0 10 0 0 0 15 12 6 12 0 0 0 0 0 0 0 9 0 4 12 0 19 0 0 2 0 0 1 3 4 12 7 0 19 16 0 0 0 0 15 16 0 -1 0 0 8 0 0 0 0 0 0 0 0 19 10 0 4 18 14 6 0 14 0 0 0 9 
-1 0 0 0 0 10 0 9 16 11 0 0 0 0 0 0 0 6 16 0 0 0 5 17 0 0 0 0 0 5 0 0 0 13 11 0 0 0 0 0 0 0 15 13 8 5 10 0 0 0 0 0 19 0 6 18 0 12 12 0 7 0 0 0 0 0 0 20 14 0 0 0 18 7 0 0 0 17 12 13 
0 0 11 0 13 8 0 0 3 0 20 15 0 0 0 -1 0 0 0 3 0 0 7 9 5 0 14 0 6 8 10 0 0 14 3 4 0 0 0 0 0 0 0 0 9 1 0 16 0 18 0 0 0 0 1 0 19 0 1 8 0 10 14 0 0 0 0 6 0 0 10 10 10 12 0 0 0 19 0 0 
12 16 0 0 0 0 11 0 0 12 0 0 0 4 0 12 5 0 20 0 0 4 0 0 0 0 0 20 12 0 0 0 0 9 2 17 0 0 7 2 0 0 0 0 0 10 19 3 0 4 15 1 9 0 0 0 5 9 0 0 4 10 15 19 0 0 11 0 -1 9 6 9 0 0 0 0 11 0 16 0 
12 4 0 16 0 0 15 0 0 0 15 2 0 8 7 0 3 1 0 4 0 16 0 0 14 0 0 -1 0 6 14 0 0 17 0 19 0 11 0 0 0 7 0 0 0 3 0 14 0 0 0 3 0 10 0 3 3 0 0 0 0 0 18 17 0 0 0 0 0 0 0 -1 14 0 3 0 6 20 4 0 
0 0 0 0 0 0 11 1 0 0 3 9 0 0 0 0 17 19 0 0 0 0 0 0 16 0 0 8 0 0 5 0 0 0 0 0 0 3 0 0 16 0 0 3 0 16 0 0 19 0 0 15 15 3 20 0 11 0 10 0 0 20 3 0 0 -1 12 0 0 3 0 0 3 14 20 4 4 13 0 0 
15 0 -1 10 14 10 4 0 0 0 14 0 8 0 0 4 0 14 -1 3 0 0 18 15 7 0 -1 -1 0 0 0 2 0 0 5 0 0 17 0 0 19 0 0 0 0 20 0 0 18 5 0 0 0 18 19 12 14 0 20 0 0 5 0 6 10 4 0 0 9 0 2 4 2 0 5 0 0 20 18 0 
0 16 18 17 15 9 0 2 0 0 0 9 0 0 0 16 0 19 6 -1 0 1 15 0 0 0 0 0 3 0 3 14 0 12 0 0 10 0 -1 13 0 4 0 11 10 14 0 13 0 0 0 0 0 12 0 20 0 0 0 0 5 5 0 0 0 0 0 4 0 0 2 0 0 0 0 -1 13 0 13 13 
0 0 9 0 10 0 -1 7 0 0 20 20 0 0 0 0 0 0 0 1 6 18 0 17 0 16 0 0 0 7 0 1 8 0 0 0 0 20 0 15 8 10 19 5 8 20 18 8 19 9 0 0 0 8 0 20 20 2 0 14 8 0 0 9 0 0 9 10 16 0 13 0 17 16 20 0 18 16 0 18 
0 0 0 3 20 13 0 4 0 7 0 0 0 0 8 0 0 0 0 10 8 0 0 0 0 2 0 0 0 0 0 0 0 0 8 6 12 0 11 9 0 5 17 0 0 0 0 9 6 0 19 8 8 16 0 0 0 18 2 0 2 0 12 2 0 0 9 0 0 0 5 7 11 0 9 7 0 0 0 0 
0 0 19 0 15 0 0 0 6 0 14 9 0 0 1 0 4 14 0 0 7 13 19 18 18 8 18 0 4 10 19 6 6 0 5 11 0 19 0 0 2 0 17 12 4 0 0 0 0 3 0 0 0 5 0 0 6 0 0 18 0 0 10 1 11 0 19 -1 0 2 0 0 16 1 10 0 0 5 0 12 
0 20 13 0 0 0 16 16 18 0 8 0 0 15 3 0 20 1 0 15 0 0 0 0 18 0 0 0 0 0 0 15 0 10 0 0 0 6 0 15 0 0 4 13 0 0 0 0 14 0 0 0 11 0 0 5 11 -1 0 1 10 12 12 0 0 0 9 6 0 -1 0 14 0 0 0 0 11 0 0 18 
0 0 5 9 0 0 3 0 0 14 0 0 0 5 0 8 0 20 0 0 0 0 0 0 0 0 0 10 1 0 0 16 0 12 15 3 5 3 0 5 0 -1 0 0 0 0 0 0 5 0 8 0 13 0 0 8 19 0 0 0 0 14 15 0 0 0 0 -1 0 18 17 0 0 0 0 2 18 19 0 -1 
0 19 12 0 5 0 13 14 0 20 11 0 0 0 4 0 0 20 0 0 0 0 13 0 13 17 9 15 3 5 4 8 0 0 0 0 0 0 0 0 0 14 12 0 0 20 9 0 0 0 -1 3 0 7 0 0 0 2 0 0 0 19 0 14 8 20 0 0 0 0 0 0 16 1 16 0 0 -1 6 0 
3 8 0 4 5 0 17 9 0 0 2 0 0 0 0 0 0 0 0 0 0 0 13 0 0 0 0 10 1 13 0 0 6 0 0 6 20 12 0 2 9 20 0 6 18 0 0 7 17 0 0 5 0 0 0 5 0 0 7 0 16 0 0 0 0 9 0 0 0 0 0 0 0 0 0 2 0 16 0 13 
0 0 0 0 0 0 5 0 0 0 0 0 7 0 0 7 0 17 2 0 0 0 14 11 0 0 10 16 0 8 10 0 20 15 18 5 5 8 16 0 14 5 6 5 9 -1 16 0 2 0 20 16 -1 0 14 0 5 17 0 0 0 20 18 3 0 0 0 15 0 9 0 -1 0 0 1 0 11 0 6 9 
0 4 0 0 0 7 0 0 0 20 0 10 6 0 0 0 0 11 5 -1 0 0 0 8 0 0 19 0 10 3 3 0 0 16 0 3 0 16 0 9 0 0 0 5 0 0 0 0 20 10 12 2 20 17 3 0 14 8 0 0 0 5 13 14 12 18 -1 0 17 0 0 0 0 2 0 0 0 17 0 8 
0 0 0 0 0 0 0 0 0 0 20 14 2 16 0 6 0 18 0 0 0 12 19 -1 0 0 14 17 0 0 19 4 12 0 7 6 0 10 1 10 0 3 12 0 0 10 16 0 10 0 0 1 2 0 17 0 0 0 16 0 5 0 0 0 9 9 0 13 9 0 9 0 2 0 15 0 17 19 0 7 
1 0 2 0 0 0 20 9 12 12 0 4 0 0 0 0 9 0 -1 7 6 16 4 0 9 0 5 12 3 16 3 0 0 0 12 0 12 0 17 18 0 18 0 5 20 15 0 0 8 18 5 18 11 5 7 17 16 0 18 -1 16 0 0 0 8 0 13 15 0 10 0 9 0 16 0 0 13 0 20 0 
5 0 0 0 14 19 5 0 0 20 10 0 0 19 14 15 17 0 0 9 8 18 0 8 3 -1 0 0 0 0 -1 5 0 18 6 0 0 20 18 0 9 16 0 0 0 11 13 1 0 0 0 0 0 12 15 5 0 0 2 2 0 3 0 0 2 0 17 0 0 0 15 0 1 0 4 0 0 14 0 0 
0 0 2 0 0 2 13 0 0 0 0 3 0 0 19 6 0 11 16 0 0 0 17 4 0 0 0 0 5 12 11 0 9 -1 0 0 5 0 -1 0 6 0 0 0 0 10 17 -1 5 -1 8 0 0 9 12 0 2 0 0 0 19 4 7 0 0 0 0 14 18 1 0 8 0 11 14 0 8 0 0 0 
13 -1 0 2 0 3 0 15 15 8 0 15 0 0 8 0 0 10 0 0 11 6 0 0 16 0 10 8 11 0 0 0 17 19 0 4 8 0 0 0 0 11 0 19 19 0 0 2 11 0 13 0 14 8 0 0 8 13 10 9 12 0 0 7 0 0 4 0 20 0 12 0 16 0 7 0 12 0 0 0 
9 0 0 0 0 0 0 0 0 0 10 20 0 10 0 0 6 5 13 0 13 18 0 0 0 19 6 0 0 18 12 0 0 0 0 0 1 0 17 16 3 0 0 0 18 0 8 0 12 20 8 -1 0 18 0 18 14 0 17 0 11 1 0 0 2 0 0 0 0 8 0 0 16 0 0 0 0 0 8 0 
20 0 20 0 14 0 18 0 3 0 0 0 0 0 0 2 0 4 0 0 17 0 17 0 0 15 7 17 0 6 0 0 17 0 0 0 3 14 5 9 12 13 -1 2 0 0 13 18 0 0 0 0 7 0 12 0 0 0 -1 0 11 0 0 0 0 0 0 10 0 0 20 0 6 0 13 7 0 19 0 3 
8 -1 19 15 0 0 7 0 15 0 -1 0 1 17 0 0 10 0 0 2 13 10 0 0 0 0 0 13 0 0 0 14 3 0 8 7 0 0 12 9 0 18 0 0 0 0 0 18 0 0 0 0 16 0 0 3 0 1 11 0 0 12 0 0 0 0 0 16 1 0 0 0 11 4 0 0 19 0 0 0 
16 -1 15 9 0 2 0 0 0 13 0 11 0 18 0 7 20 0 0 8 0 0 0 0 -1 0 0 0 0 0 0 0 7 0 10 11 0 3 1 0 0 1 0 0 15 0 0 20 0 0 0 13 0 2 16 0 4 15 0 0 0 0 7 16 14 13 6 0 0 10 0 0 0 0 0 0 0 8 0 0 
9 20 0 0 0 10 0 0 6 0 0 0 6 0 13 2 15 0 7 0 0 9 12 0 10 0 16 18 0 16 0 0 0 8 0 9 17 0 15 0 0 0 0 0 0 19 0 0 20 17 0 10 0 0 0 14 20 0 0 0 0 0 14 0 0 11 17 0 0 0 13 19 1 7 0 5 0 0 13 0 
0 0 2 9 0 9 0 2 0 0 0 5 0 0 -1 20 16 7 2 0 1 10 5 0 6 0 0 0 0 0 0 0 0 13 5 0 7 0 4 0 0 3 0 12 10 15 6 3 0 0 6 0 0 0 0 16 17 7 12 6 0 20 0 0 0 -1 5 0 0 0 0 0 11 12 5 16 0 0 14 -1 
9 9 0 14 4 0 0 14 5 0 6 14 7 0 0 0 9 0 13 11 7 16 0 16 19 5 6 15 0 16 0 0 -1 0 0 14 6 0 7 6 12 0 0 6 20 0 8 13 5 9 0 0 13 1 1 2 16 0 0 0 3 0 4 0 0 11 3 11 18 0 -1 0 6 2 4 15 1 0 0 0 
0 0 0 11 0 18 0 0 0 15 0 0 18 0 0 -1 2 0 7 6 0 17 0 0 0 0 -1 -1 10 13 0 0 15 9 19 0 9 0 14 0 19 0 0 0 0 19 0 0 0 0 0 5 0 2 0 0 10 16 7 11 0 0 10 0 0 8 13 13 11 0 20 0 0 0 0 1 0 8 0 4 
0 0 0 20 19 13 0 0 20 6 0 0 18 0 11 13 0 4 0 0 3 15 0 8 17 20 11 6 1 16 15 14 -1 2 10 0 5 0 0 4 10 0 5 20 15 0 5 5 5 0 0 0 0 0 19 0 0 1 19 0 0 0 0 16 0 0 -1 19 0 -1 0 20 20 17 17 0 0 1 0 0 
0 2 14 6 0 0 3 5 19 4 0 13 0 15 2 0 0 0 0 0 19 4 -1 0 0 1 0 0 0 10 18 0 0 0 0 0 14 0 8 0 4 0 0 2 8 7 20 13 10 5 0 10 0 0 10 0 0 0 0 0 0 7 19 15 0 5 18 0 0 0 16 19 0 10 0 0 0 12 16 14 
13 0 0 0 0 9 -1 0 2 11 0 0 0 10 -1 14 15 0 0 0 0 2 10 8 8 13 0 -1 17 18 0 0 11 9 12 17 12 0 20 3 0 7 -1 0 0 7 0 0 5 0 9 0 0 0 0 0 8 13 0 8 0 0 2 0 0 14 0 12 18 5 0 7 19 9 13 0 0 2 0 7 
13 0 12 0 0 5 0 0 6 17 17 0 18 2 0 7 0 0 0 10 0 0 0 0 0 0 11 0 14 0 0 9 0 18 5 5 1 0 0 -1 0 0 0 0 5 14 0 0 0 0 0 5 0 0 6 19 0 17 0 0 0 0 0 7 0 1 10 14 0 0 13 0 13 0 0 0 0 18 0 19 
9 0 0 20 3 12 14 4 16 0 16 1 9 0 6 0 16 19 0 0 0 0 0 6 -1 16 0 0 0 0 5 0 14 0 1 0 0 0 0 6 16 10 0 0 2 0 0 0 0 9 0 19 0 0 0 0 6 3 11 4 0 0 0 18 0 2 8 0 0 0 0 3 -1 15 10 19 0 15 10 8 
0 0 0 0 0 0 0 0 0 0 0 0 8 0 15 -1 0 0 0 0 0 0 16 19 7 0 5 0 18 12 11 0 0 3 0 0 3 5 19 10 7 2 6 0 14 0 0 9 0 15 0 0 0 0 0 0 8 0 0 15 16 13 0 16 3 0 4 0 7 2 0 -1 0 11 17 0 -1 0 0 0 
0 13 17 4 0 0 0 0 0 8 6 0 0 0 0 18 0 0 0 20 2 0 0 16 4 0 0 0 10 0 11 2 14 0 16 0 0 18 0 1 3 4 3 14 13 0 0 1 0 0 0 18 0 7 15 3 0 0 1 17 -1 0 0 0 5 0 14 0 11 0 17 0 -1 0 0 0 0 0 0 0 
9 10 13 0 12 17 20 0 0 8 0 15 0 0 4 7 0 16 6 0 0 6 16 16 0 0 -1 1 3 14 17 0 0 0 1 3 0 0 8 4 0 2 -1 0 0 11 0 0 0 0 0 17 0 0 12 0 6 0 0 0 10 20 0 0 15 0 17 13 0 0 11 0 19 0 0 0 18 0 0 3 
0 15 0 2 0 7 17 12 0 3 0 13 0 0 0 0 11 6 0 12 4 0 7 0 17 0 0 0 0 0 9 0 11 0 0 8 0 1 12 0 0 13 19 0 18 16 9 6 0 0 1 0 16 2 10 5 0 0 0 16 0 12 0 0 0 14 4 12 8 9 0 0 6 20 20 0 0 9 16 0 
4 8 0 0 15 6 8 0 5 0 0 18 4 0 0 19 2 9 16 1 9 0 0 0 14 10 0 0 13 0 7 13 0 0 2 19 -1 0 20 7 3 7 11 0 0 0 -1 0 0 15 4 0 2 0 16 11 5 0 0 0 0 14 0 14 0 0 0 1 20 0 0 0 0 3 8 0 0 0 0 12 
0 18 0 6 0 0 7 2 20 18 5 0 0 0 0 19 0 0 15 0 8 11 14 0 7 13 0 5 11 14 16 6 14 0 2 0 0 0 8 0 0 20 0 0 2 6 0 12 12 0 9 1 0 4 0 0 2 0 0 4 0 0 15 0 16 0 0 0 0 0 0 0 0 0 0 0 -1 0 12 0 
15 0 2 0 0 4 11 0 0 20 0 0 9 0 12 18 16 10 0 0 0 9 1 0 0 0 4 0 15 10 13 0 14 11 19 9 0 0 0 7 10 0 1 3 0 14 0 0 6 0 0 0 -1 14 0 18 0 0 -1 11 1 6 0 10 18 12 20 0 15 0 9 0 0 0 18 0 0 0 0 4 
5 7 0 11 7 9 0 0 0 0 0 0 14 18 4 0 15 8 14 16 7 0 18 2 10 14 3 0 0 20 0 2 17 15 3 0 12 8 0 5 0 16 9 0 9 0 2 0 0 17 6 5 16 0 18 0 18 12 0 0 0 0 0 0 -1 0 14 0 13 8 0 0 0 0 0 18 14 0 0 3 
0 19 7 -1 0 0 0 0 0 0 0 11 0 4 4 1 0 7 -1 9 17 0 0 5 0 13 0 19 13 1 14 0 0 0 0 9 9 4 -1 20 5 0 8 3 0 17 0 0 3 0 14 6 0 13 12 17 0 17 0 0 11 0 0 0 4 14 2 0 0 0 0 10 10 0 6 0 10 0 15 0 
14 0 0 8 0 0 8 -1 10 4 5 0 0 15 0 19 3 18 0 19 4 0 14 12 7 0 20 -1 0 4 0 0 20 9 14 0 9 0 0 13 0 11 14 0 0 11 1 15 12 0 8 0 0 0 0 0 0 6 0 0 8 0 18 0 10 4 0 0 16 0 10 0 2 0 8 14 14 0 0 0 
0 0 0 0 17 0 0 0 0 -1 10 15 0 18 0 0 15 4 0 0 0 0 5 8 8 12 0 0 20 0 0 0 19 0 3 0 4 0 0 0 0 0 20 17 13 3 0 4 0 9 15 0 0 13 0 0 12 0 0 15 19 15 0 0 0 9 0 1 6 0 13 16 0 0 16 11 -1 14 8 0 
11 0 0 0 12 0 2 5 12 0 0 19 0 0 0 2 1 11 7 8 13 0 5 2 12 0 0 0 0 0 0 0 0 16 3 4 0 0 4 0 0 4 4 0 0 0 13 1 0 0 16 0 20 0 0 11 11 19 14 0 18 0 19 1 18 0 0 0 0 0 0 -1 20 0 0 0 3 -1 5 13 
17 0 0 0 9 -1 0 4 17 0 7 2 0 0 1 5 5 0 14 0 16 3 0 0 0 0 0 0 11 17 0 0 0 0 14 0 6 12 0 0 0 0 0 0 9 19 0 17 0 0 10 6 18 12 0 0 7 0 19 0 0 18 2 0 0 0 0 0 0 4 8 0 17 0 0 4 0 17 19 20 
0 18 10 19 0 0 0 3 0 0 0 3 0 2 0 0 0 15 13 0 6 0 13 2 0 0 0 6 16 1 20 11 0 -1 0 1 0 0 16 15 -1 3 5 0 18 17 0 0 13 0 0 0 0 13 0 0 0 0 5 6 1 0 0 0 3 0 0 0 0 0 -1 0 2 12 13 0 2 10 8 0 
12 18 11 17 0 12 0 12 0 0 8 0 4 0 16 0 -1 0 16 -1 0 9 0 0 13 0 8 0 0 11 9 0 0 2 9 0 19 17 13 11 0 3 11 6 10 7 0 6 0 5 17 0 11 0 0 0 0 0 13 0 0 3 15 0 14 0 0 0 0 6 9 2 0 6 11 4 0 0 0 0 
0 0 0 0 0 0 12 0 0 0 -1 10 0 3 12 4 0 0 0 1 1 8 0 0 15 0 0 0 0 0 0 16 0 12 0 0 14 0 0 -1 17 3 1 0 0 9 0 0 0 0 0 8 0 17 0 0 0 0 10 0 7 0 6 2 0 9 0 0 0 0 7 0 0 0 15 8 19 0 0 0 
0 9 0 3 2 0 1 3 19 0 9 0 18 0 0 3 0 15 -1 0 0 0 0 0 0 13 0 5 0 6 10 0 6 0 -1 0 6 0 0 0 0 0 6 16 0 0 11 10 14 0 0 0 17 8 0 0 0 18 0 0 0 0 1 0 20 0 12 0 0 9 0 17 -1 0 3 4 20 0 7 0 
0 0 8 10 0 0 0 14 9 0 17 17 1 7 16 17 4 10 0 17 13 0 0 0 1 0 19 0 18 0 0 18 0 10 0 15 4 6 -1 15 19 0 18 15 5 0 0 0 0 0 14 0 1 0 0 0 0 0 0 11 11 0 0 0 1 0 0 0 0 11 0 0 0 0 7 0 15 0 0 7 
18 0 19 0 0 0 0 0 0 12 12 0 15 0 0 0 0 0 -1 0 0 0 20 16 17 0 12 0 0 0 0 0 0 1 0 14 0 0 16 14 19 -1 8 12 0 0 0 2 0 0 0 0 1 3 3 4 19 0 10 5 0 9 0 7 0 16 19 3 15 0 2 13 0 8 14 0 0 0 0 0 
6 0 0 0 0 0 0 4 0 15 0 18 0 -1 10 0 0 0 0 -1 0 7 9 11 0 16 18 -1 0 0 0 0 0 2 0 0 0 13 0 0 0 0 1 -1 14 0 12 0 0 0 7 2 0 14 0 2 0 0 14 19 0 11 12 0 12 0 0 0 11 0 7 0 7 0 11 10 0 0 0 9 
3 0 1 8 5 20 12 15 0 0 0 0 10 14 0 0 0 0 14 0 0 7 0 12 0 16 0 0 0 0 9 19 0 0 0 10 0 10 0 2 0 0 0 18 9 12 0 8 0 10 0 20 0 -1 16 -1 0 0 0 0 7 2 3 7 0 16 0 0 16 0 0 2 8 0 0 6 0 0 18 0 
0 0 0 0 0 0 0 0 0 0 0 6 0 5 11 0 0 0 13 0 13 0 2 19 7 0 8 0 19 0 0 0 0 0 15 0 0 0 0 18 0 -1 0 0 1 0 0 0 0 19 0 2 17 6 0 0 0 12 20 12 3 4 0 0 0 4 11 0 15 0 6 12 9 6 20 0 0 0 0 0 
5 0 0 0 15 0 0 14 19 0 0 0 0 0 9 2 2 0 0 5 0 16 5 15 14 16 0 0 0 10 0 0 0 0 0 0 17 0 0 12 12 6 0 0 0 0 7 0 0 0 0 12 12 10 0 0 0 0 20 7 3 13 0 9 0 6 11 1 5 19 0 0 0 14 0 6 1 9 0 0 
1 11 0 0 0 9 17 17 3 13 0 0 0 0 0 0 8 -1 0 15 13 1 10 17 7 13 -1 9 -1 17 3 0 18 17 0 11 18 0 0 19 11 15 8 0 0 11 2 0 20 0 2 5 0 0 1 0 2 6 15 0 11 0 0 7 0 19 0 9 0 0 0 0 9 6 0 0 0 16 14 0 
15 0 0 1 0 0 10 19 18 0 0 0 0 15 0 0 6 0 0 0 12 0 0 0 0 15 0 14 0 8 18 0 0 17 0 0 0 12 0 0 0 8 0 0 7 0 13 2 17 0 0 13 0 6 16 17 -1 4 19 0 0 0 16 6 0 19 0 0 0 0 17 11 0 4 5 0 12 11 0 0 
18 5 5 20 3 0 0 9 8 14 15 13 0 0 0 0 12 0 7 0 0 9 0 0 0 4 0 2 0 4 19 0 0 13 2 0 0 19 0 6 0 -1 0 0 3 0 0 0 0 0 0 3 -1 11 0 0 -1 6 0 8 3 0 9 0 0 0 8 0 11 7 0 0 0 3 3 0 0 0 3 18 
0 0 0 0 10 0 1 4 11 15 0 14 6 11 0 12 17 13 11 0 0 1 10 0 2 0 0 18 17 -1 15 0 3 1 0 0 0 0 0 2 12 0 0 0 0 16 0 19 0 3 11 15 15 -1 9 20 12 0 16 16 0 -1 12 9 0 7 0 0 0 0 10 16 0 13 0 0 10 20 0 0 
14 0 -1 0 0 0 0 0 0 0 18 0 20 0 0 9 4 0 0 0 20 0 0 11 19 2 0 0 0 0 0 0 0 5 0 0 0 3 -1 0 0 0 0 0 0 0 10 0 -1 5 18 18 0 0 -1 0 0 0 0 5 17 3 0 0 0 5 14 20 1 0 0 0 0 5 0 0 5 -1 17 0 
0 2 10 12 0 19 18 20 4 0 0 0 2 0 4 9 9 0 20 7 4 0 0 14 19 6 0 6 7 0 1 0 13 16 0 14 13 0 16 0 0 0 0 2 4 0 1 9 0 11 0 20 0 0 0 13 0 0 19 0 18 16 10 2 12 1 8 13 8 0 0 0 5 7 0 0 15 0 0 10 
17 0 0 0 14 0 0 2 13 0 0 0 0 19 19 13 6 0 1 17 7 4 0 17 0 0 5 0 0 3 18 0 19 0 0 0 1 15 0 1 0 5 0 16 0 0 10 0 0 16 0 17 0 15 0 3 0 0 4 15 20 0 10 0 0 0 0 10 8 0 8 13 0 18 15 9 0 0 17 0 
0 -1 -1 0 16 17 5 0 0 0 0 11 4 -1 0 0 0 12 0 0 0 2 2 0 11 4 0 18 0 14 19 20 12 1 0 0 0 4 0 0 13 0 0 0 0 0 0 4 6 9 13 0 0 0 7 0 11 0 6 8 0 0 0 8 0 0 19 0 0 9 0 15 3 9 20 -1 5 0 6 0 
4 0 0 6 0 5 0 1 0 15 0 0 0 2 13 0 16 0 0 4 15 9 0 0 10 6 4 0 18 5 18 0 1 0 14 17 -1 0 0 0 0 0 18 0 11 20 0 10 0 0 3 13 20 0 0 0 2 2 17 0 15 0 0 0 -1 10 0 0 17 0 0 7 16 6 8 0 0 0 0 12 
0 13 0 10 5 20 0 10 6 18 0 -1 0 0 11 7 11 0 19 0 14 0 10 4 9 19 0 0 0 0 13 12 0 5 19 0 7 8 11 0 7 19 0 0 0 3 0 0 20 0 0 18 0 0 18 4 0 0 8 0 8 4 1 0 15 1 0 10 0 14 13 7 0 0 18 0 4 18 0 0 
1 5 0 0 0 0 0 0 0 0 0 9 7 0 9 3 0 0 0 0 0 0 1 4 11 4 6 20 0 0 0 0 18 0 0 20 0 0 0 8 10 2 0 15 0 0 2 19 5 0 0 10 0 1 0 0 10 16 0 0 9 4 0 0 3 0 0 5 0 0 0 -1 15 0 0 10 1 0 0 0 
3 0 0 19 17 0 0 16 0 0 13 0 13 0 0 6 0 8 13 18 14 3 18 0 0 14 0 19 1 0 0 0 8 0 14 7 4 0 16 0 0 17 0 0 5 -1 0 0 20 2 14 0 0 0 5 7 11 4 0 0 0 10 3 0 0 0 0 10 19 0 0 9 14 7 14 10 0 0 18 0 
0 7 10 19 0 18 0 5 5 2 0 0 -1 19 6 10 0 3 0 10 20 0 8 0 3 0 0 13 0 0 5 0 0 0 5 8 0 0 0 0 -1 0 0 0 0 10 0 0 0 0 0 0 0 0 16 5 0 0 18 0 2 -1 9 0 14 14 10 0 3 0 0 12 0 6 6 0 16 9 0 11 
0 0 0 20 8 14 0 14 0 7 -1 0 5 0 -1 0 12 0 0 0 0 6 4 0 8 0 1 7 18 0 13 0 0 0 0 1 0 0 0 0 0 16 0 0 0 13 6 0 0 3 10 16 0 -1 0 0 0 0 15 0 0 12 8 0 0 0 0 10 9 0 0 6 0 5 0 0 14 -1 0 18 
0 0 0 0 0 8 0 9 0 4 13 16 0 0 0 12 -1 8 20 0 8 5 0 0 0 18 12 7 1 0 0 18 7 0 0 0 0 10 -1 7 6 0 0 7 0 0 0 0 0 0 0 0 0 4 0 20 8 14 12 0 9 0 0 18 6 0 0 0 0 0 4 0 13 11 8 15 11 4 4 0 
0 0 0 7 0 0 0 0 0 0 19 0 0 -1 17 1 0 0 0 0 0 11 0 2 0 0 0 6 19 11 1 11 0 3 16 0 5 8 0 0 0 0 0 0 -1 10 0 0 -1 0 0 16 0 0 0 0 11 5 -1 0 2 20 2 15 11 0 15 0 18 0 14 17 0 0 0 1 0 3 5 18 
0 12 1 9 0 0 0 0 1 0 0 6 5 20 6 0 13 0 0 9 0 0 0 0 0 1 0 0 15 0 3 12 5 8 1 14 -1 0 0 19 0 0 -1 -1 0 0 0 0 11 0 0 12 0 0 0 1 0 3 0 11 18 12 3 12 1 2 0 0 4 0 19 0 5 0 11 0 0 7 0 14 
11 0 0 0 0 0 0 12 0 0 5 0 0 0 10 0 18 0 0 18 0 0 17 0 0 8 9 0 6 11 4 14 0 0 9 -1 4 3 0 0 0 15 9 0 8 0 2 0 0 0 0 10 15 0 2 3 0 0 20 0 0 0 0 -1 3 0 0 0 4 7 15 0 11 0 0 0 0 0 14 0 
6 19 0 6 15 0 15 17 0 4 0 7 0 1 0 0 0 0 0 0 10 0 0 14 0 2 3 0 0 7 0 2 -1 0 0 0 0 1 6 7 0 0 0 0 0 0 1 15 16 0 -1 -1 19 11 0 0 20 -1 0 0 11 7 0 0 0 16 0 3 0 0 16 14 1 2 0 0 -1 0 0 0 
0 1 -1 3 0 0 0 0 0 0 12 17 16 0 -1 17 0 0 0 4 5 0 0 0 0 18 13 0 0 16 6 0 0 8 0 0 3 0 0 0 9 9 0 0 14 0 3 4 18 0 0 17 -1 -1 20 0 7 0 20 0 0 0 0 0 0 0 0 0 16 0 0 0 6 9 0 0 0 0 0 0 
18 10 0 8 0 0 20 0 0 0 2 0 10 0 0 16 13 4 3 4 17 0 0 20 0 19 14 13 8 5 19 14 0 12 13 11 0 20 8 0 7 12 0 0 0 0 0 1 2 18 0 0 0 0 2 0 0 4 4 0 1 20 0 -1 0 0 0 0 0 7 0 14 -1 0 19 0 0 0 0 0 
14 0 3 0 0 -1 0 15 0 4 15 0 0 0 18 0 0 0 11 15 0 13 0 0 9 7 9 17 14 1 1 3 0 0 0 0 0 0 0 8 20 9 0 0 5 3 7 20 17 3 0 0 3 0 0 0 0 0 12 0 0 0 -1 0 0 5 0 0 8 14 0 0 0 0 0 0 4 0 0 5 
2 9 0 6 6 1 0 16 0 0 16 5 0 5 0 5 0 0 0 0 2 0 5 0 14 0 14 0 0 4 8 0 11 18 0 0 12 0 17 4 1 0 16 0 5 0 0 6 0 0 0 0 16 20 1 7 6 7 20 16 20 3 20 0 0 0 0 0 0 7 -1 0 10 17 0 0 0 0 17 6 
0 0 14 0 7 0 0 0 0 0 4 20 3 0 0 16 1 0 0 1 0 0 7 0 0 14 -1 6 0 0 0 0 0 0 10 18 16 14 9 13 0 12 0 0 0 10 20 8 0 4 0 18 20 17 20 9 0 7 0 0 11 0 0 9 12 0 0 -1 0 0 0 16 0 0 12 10 0 3 0 20 
14 0 0 0 3 0 0 -1 0 0 14 9 -1 0 0 0 18 17 0 10 0 0 0 -1 12 18 17 0 0 12 11 9 15 13 11 8 18 0 11 14 0 0 0 16 11 0 -1 6 0 0 0 0 6 5 20 8 11 10 0 9 17 13 8 20 -1 0 17 0 0 4 15 9 0 0 0 0 2 8 -1 3 
6 7 0 0 0 11 0 12 0 13 3 13 0 0 14 0 -1 14 0 11 10 9 15 0 3 0 0 0 0 6 14 3 1 2 0 0 8 0 0 0 12 14 0 0 0 0 0 16 0 0 12 17 2 0 0 10 0 0 0 3 14 19 0 3 0 16 3 6 0 0 6 20 0 0 12 0 0 0 15 17 
0 11 0 17 0 0 14 0 9 1 9 5 0 5 0 0 1 0 11 9 4 20 0 0 18 0 14 0 11 0 0 4 0 2 0 4 0 16 18 0 0 -1 7 12 0 13 18 0 11 5 0 0 0 0 11 0 9 20 0 0 0 10 5 15 -1 0 12 14 0 17 0 10 0 0 11 2 0 0 3 0 
0 0 8 5 0 12 0 17 7 0 0 2 0 0 0 2 0 0 0 0 0 4 0 0 8 0 8 8 18 2 -1 11 0 17 16 0 0 0 1 0 -1 0 0 0 0 0 0 13 20 13 8 15 0 5 0 0 2 0 5 0 0 0 1 8 5 20 0 0 13 0 -1 8 0 4 0 15 1 14 0 20 
11 5 8 19 0 -1 19 1 0 16 14 0 0 14 13 17 0 12 8 0 0 9 12 0 4 0 0 0 3 7 0 11 0 2 18 7 0 0 4 0 19 8 0 0 0 0 0 0 13 19 4 14 0 1 3 13 0 11 18 4 14 18 0 3 0 4 9 0 9 11 16 0 0 12 0 0 2 17 0 0 
0 0 0 17 10 0 0 8 17 0 12 0 0 0 7 0 16 8 0 18 9 14 1 0 0 0 0 11 14 10 0 13 18 0 0 18 0 19 0 2 0 0 0 1 11 0 0 4 8 12 0 15 0 20 0 0 17 10 0 -1 3 11 8 17 0 0 0 0 13 0 -1 20 16 0 6 0 2 15 0 15 
0 14 15 9 5 0 0 5 14 4 0 14 0 0 0 0 13 18 -1 -1 0 0 0 0 6 0 8 4 2 20 6 0 16 10 0 0 0 18 0 11 18 0 19 0 0 17 0 9 10 0 0 0 13 0 0 4 0 0 0 7 0 0 10 0 0 0 0 0 0 0 2 9 4 10 0 15 1 0 0 0 
0 0 4 6 14 0 0 0 17 0 5 10 0 0 0 13 0 7 0 11 20 11 0 0 0 0 18 6 13 0 10 12 0 0 0 0 16 0 0 0 0 0 18 19 8 0 0 0 15 0 17 0 0 0 6 0 4 0 0 0 12 19 0 13 4 10 10 0 8 0 0 0 -1 4 0 3 0 4 9 0 
12 0 0 6 0 0 12 0 14 15 7 0 0 3 19 0 0 0 0 6 -1 12 0 0 0 14 1 0 0 0 18 1 0 0 13 11 9 12 0 0 6 0 0 0 0 0 19 3 0 10 0 19 0 0 0 12 0 7 0 0 0 20 0 17 0 20 0 7 16 0 -1 0 0 11 0 0 17 0 9 6 
0 -1 0 12 0 10 15 0 0 8 0 19 0 0 0 0 0 7 0 0 0 13 15 9 0 19 14 0 0 0 0 0 11 14 0 0 0 0 0 10 13 13 17 10 0 0 15 2 0 0 2 15 2 0 0 9 0 11 19 0 0 0 0 0 9 0 0 8 8 0 14 1 0 2 9 0 0 0 0 12 
0 0 0 0 0 -1 0 0 -1 20 16 0 6 17 0 10 3 0 0 0 0 0 0 0 0 3 15 0 13 7 10 20 0 0 0 0 0 0 0 0 0 10 15 5 0 0 0 13 0 0 0 0 18 6 15 0 18 0 16 18 20 0 0 0 0 14 16 14 20 1 0 0 0 11 0 0 0 0 0 0 
0 11 1 0 11 0 0 0 0 20 0 2 3 -1 16 2 2 0 15 0 0 0 4 8 7 12 14 0 0 0 3 0 0 0 2 0 0 0 6 0 0 0 8 -1 0 16 2 0 0 0 0 15 0 4 0 8 0 0 0 5 0 0 8 8 19 0 0 16 11 0 4 -1 5 0 19 13 12 0 2 0 
0 2 7 0 4 17 0 0 0 0 0 0 0 0 14 0 0 0 4 0 17 -1 18 0 1 4 0 11 0 17 20 5 0 0 0 0 0 0 5 0 13 4 20 0 10 0 0 0 7 0 0 8 10 12 7 5 0 0 1 5 0 0 5 0 14 7 0 0 13 2 20 19 0 0 11 12 0 11 18 0 
-1 0 18 17 0 20 18 0 14 0 11 0 9 0 4 0 10 10 0 8 0 0 5 0 -1 6 0 0 5 9 0 0 20 12 14 1 5 0 0 0 0 20 0 2 0 17 6 0 0 0 8 0 0 4 0 10 16 9 3 1 0 0 14 0 10 6 2 0 0 0 0 0 10 2 0 0 0 17 0 0 
13 18 6 0 0 0 12 16 5 0 4 0 0 0 0 16 20 3 8 7 0 1 3 0 5 0 0 0 -1 0 0 20 0 16 0 0 4 14 0 20 15 3 18 0 10 0 0 0 -1 17 0 0 0 1 0 0 17 0 0 20 0 0 5 15 0 2 16 2 6 20 0 11 0 1 0 0 0 17 13 0 
0 0 0 0 2 0 0 0 0 20 10 0 16 18 0 11 0 4 0 13 0 0 5 0 3 0 0 3 19 2 13 12 0 0 0 19 15 2 3 12 14 16 9 0 5 5 12 0 11 0 5 0 -1 0 16 0 0 2 0 4 20 0 0 0 0 0 14 0 18 0 0 11 0 0 4 0 0 6 10 0 
0 18 0 1 6 4 18 0 0 0 0 0 0 0 0 0 20 0 0 0 2 0 0 0 0 7 0 0 18 10 0 0 17 0 0 0 2 0 0 20 16 3 4 15 0 0 13 0 0 0 1 20 0 4 0 0 0 0 1 16 0 0 6 13 13 0 0 0 0 14 10 0 0 0 7 0 0 0 0 0 
11 4 7 0 0 6 8 0 13 0 4 3 -1 13 0 13 4 0 2 2 0 20 17 13 0 16 0 5 6 0 10 0 2 6 0 16 15 14 4 0 0 1 0 0 13 11 0 0 0 0 10 0 0 10 0 3 11 12 0 16 0 0 0 4 6 0 20 0 12 8 11 0 0 12 0 0 1 14 0 0 
0 0 0 0 12 4 4 0 0 0 15 0 0 0 10 18 6 0 0 19 17 2 0 0 0 0 0 0 13 0 0 0 0 0 8 0 2 14 5 5 0 0 0 0 0 4 3 0 0 0 0 13 0 0 0 0 3 0 0 0 9 0 0 0 19 17 0 14 0 0 20 18 16 8 16 14 0 20 0 16 
0 14 0 0 8 7 0 0 4 0 7 4 0 0 0 0 16 4 11 0 0 8 0 0 6 0 1 0 0 4 9 4 0 6 12 0 7 15 0 0 0 0 1 0 2 11 13 2 0 0 0 0 0 2 7 4 0 0 0 6 5 0 0 11 9 0 0 0 0 0 11 7 17 0 19 0 0 17 2 0 
0 17 11 11 0 0 15 11 12 12 0 0 0 7 0 0 10 0 0 0 0 0 0 0 4 11 0 0 0 16 0 9 0 2 1 0 0 0 -1 1 0 1 0 0 0 14 12 0 0 0 0 0 7 0 0 2 0 0 1 16 3 14 9 0 11 0 13 0 20 0 17 0 0 4 13 1 18 0 0 20 
-1 0 0 11 15 -1 0 0 0 0 0 0 0 0 7 0 3 0 0 19 2 0 0 0 0 0 0 0 0 0 16 0 0 0 12 0 14 16 10 7 3 5 10 -1 15 0 0 0 0 0 16 0 0 9 0 0 8 4 2 0 0 5 0 0 9 3 0 0 1 0 0 13 8 0 7 0 0 18 0 0 
5 16 0 0 17 0 0 12 0 3 0 2 0 0 20 0 9 0 0 0 20 0 13 15 11 0 0 -1 0 8 -1 7 0 5 0 13 6 10 -1 0 15 13 0 12 0 0 0 0 19 0 0 8 0 0 0 0 10 16 0 4 0 0 13 0 5 0 0 1 0 5 16 20 10 0 0 0 0 15 0 8 
0 15 0 0 11 3 6 16 0 13 0 15 0 0 0 5 2 0 0 12 18 4 18 0 0 0 0 4 0 8 0 17 0 6 0 16 15 0 -1 0 11 6 17 0 0 14 16 1 4 0 0 20 15 0 0 0 7 12 10 5 0 0 7 -1 0 17 10 15 0 0 -1 0 1 15 -1 15 10 0 8 9 
7 0 8 0 0 11 0 0 0 0 0 0 0 14 7 1 0 0 0 0 20 0 4 0 0 20 0 0 0 0 11 0 5 20 13 2 0 0 0 0 0 0 5 0 7 0 0 0 0 18 0 0 0 0 4 0 0 4 0 4 0 0 0 20 0 1 0 0 0 0 0 0 0 0 0 5 -1 0 9 9 
0 0 17 16 0 0 0 0 7 0 0 7 18 11 11 19 0 0 0 0 0 15 7 11 2 4 0 15 0 5 -1 0 14 0 0 0 10 2 0 0 0 1 0 15 0 0 5 11 0 0 2 15 12 0 3 0 0 5 17 0 0 16 19 -1 18 0 11 12 0 0 0 15 0 20 0 0 0 0 6 7 
17 0 0 0 4 2 14 14 0 0 5 0 0 0 2 0 0 5 17 0 16 5 16 0 0 0 0 0 6 0 16 11 0 11 0 4 0 0 2 0 5 15 9 0 0 0 18 0 0 12 0 17 0 18 0 13 0 14 7 0 0 3 3 2 0 0 0 8 0 0 0 13 20 20 11 0 16 -1 9 0 
10 0 6 0 15 8 0 0 16 0 10 0 14 0 0 0 4 0 0 15 2 0 0 0 0 0 0 0 0 7 10 0 16 14 0 17 5 0 14 8 0 9 12 0 0 12 0 0 10 0 20 11 0 0 0 0 0 0 17 0 10 0 0 19 7 -1 0 0 0 18 9 0 0 15 0 0 11 14 0 0 
0 11 0 0 0 15 0 0 0 0 0 0 14 13 -1 8 3 0 8 0 0 0 0 0 19 9 0 9 0 0 20 0 14 0 7 0 0 11 17 0 0 0 0 4 0 0 10 0 0 15 13 7 20 0 0 0 18 0 18 -1 13 15 0 0 0 -1 0 0 0 0 -1 0 5 0 0 0 14 0 0 0 
0 16 12 14 10 0 0 0 16 3 16 14 5 19 12 0 3 0 0 11 0 14 -1 3 8 15 20 0 0 19 0 0 0 0 18 0 0 0 0 2 1 0 0 0 7 0 2 0 5 11 6 0 0 8 20 0 0 0 0 0 0 1 17 0 5 0 0 0 0 0 7 7 0 0 6 0 0 0 0 5 
0 0 17 2 0 8 0 12 2 18 6 13 0 10 0 16 0 2 0 6 17 0 16 12 1 0 0 2 7 16 0 0 0 1 0 12 0 5 0 7 14 0 0 0 14 0 0 9 12 15 20 0 0 3 0 19 0 0 0 2 0 20 0 0 5 0 8 18 0 7 17 -1 2 9 0 0 0 17 0 19 
0 9 8 0 0 0 19 0 0 0 0 0 0 9 0 0 9 9 2 0 0 9 6 0 0 8 0 0 0 18 0 0 4 5 0 0 0 0 16 12 0 0 0 0 3 0 6 0 0 0 0 20 13 0 19 5 0 12 8 0 0 0 14 10 0 0 0 14 0 0 0 0 3 0 0 0 0 0 0 0 
0 0 0 0 0 0 0 0 0 0 0 0 0 0 0 0 0 0 0 0 0 0 0 0 0 0 0 0 0 0 0 0 0 0 0 0 0 0 0 0 0 0 0 0 0 0 0 0 0 0 0 0 0 0 0 0 0 0 0 0 0 0 0 0 0 0 0 0 0 0 0 0 0 0 0 0 0 0 0 0 
13 0 0 0 0 0 0 0 0 0 0 0 0 0 0 0 0 0 0 0 0 0 0 0 0 0 0 0 0 0 0 0 0 0 0 0 0 0 0 0 0 0 0 0 0 0 0 0 0 0 0 0 0 0 0 0 0 0 0 0 0 0 0 0 0 0 0 0 0 0 0 0 0 0 0 0 0 0 0 0 
0 3 0 0 0 0 0 0 0 0 0 0 0 0 0 0 0 0 0 0 0 0 0 0 0 0 0 0 0 0 0 0 0 0 0 0 0 0 0 0 0 0 0 0 0 0 0 0 0 0 0 0 0 0 0 0 0 0 0 0 0 0 0 0 0 0 0 0 0 0 0 0 0 0 0 0 0 0 0 0 
0 0 12 0 0 0 0 0 0 0 0 0 0 0 0 0 0 0 0 0 0 0 0 0 0 0 0 0 0 0 0 0 0 0 0 0 0 0 0 0 0 0 0 0 0 0 0 0 0 0 0 0 0 0 0 0 0 0 0 0 0 0 0 0 0 0 0 0 0 0 0 0 0 0 0 0 0 0 0 0 
0 0 0 4 0 0 0 0 0 0 0 0 0 0 0 0 0 0 0 0 0 0 0 0 0 0 0 0 0 0 0 0 0 0 0 0 0 0 0 0 0 0 0 0 0 0 0 0 0 0 0 0 0 0 0 0 0 0 0 0 0 0 0 0 0 0 0 0 0 0 0 0 0 0 0 0 0 0 0 0 
0 0 0 0 2 0 0 0 0 0 0 0 0 0 0 0 0 0 0 0 0 0 0 0 0 0 0 0 0 0 0 0 0 0 0 0 0 0 0 0 0 0 0 0 0 0 0 0 0 0 0 0 0 0 0 0 0 0 0 0 0 0 0 0 0 0 0 0 0 0 0 0 0 0 0 0 0 0 0 0 
0 0 0 0 0 13 0 0 0 0 0 0 0 0 0 0 0 0 0 0 0 0 0 0 0 0 0 0 0 0 0 0 0 0 0 0 0 0 0 0 0 0 0 0 0 0 0 0 0 0 0 0 0 0 0 0 0 0 0 0 0 0 0 0 0 0 0 0 0 0 0 0 0 0 0 0 0 0 0 0 
0 0 0 0 0 0 16 0 0 0 0 0 0 0 0 0 0 0 0 0 0 0 0 0 0 0 0 0 0 0 0 0 0 0 0 0 0 0 0 0 0 0 0 0 0 0 0 0 0 0 0 0 0 0 0 0 0 0 0 0 0 0 0 0 0 0 0 0 0 0 0 0 0 0 0 0 0 0 0 0 
0 0 0 0 0 0 0 13 0 0 0 0 0 0 0 0 0 0 0 0 0 0 0 0 0 0 0 0 0 0 0 0 0 0 0 0 0 0 0 0 0 0 0 0 0 0 0 0 0 0 0 0 0 0 0 0 0 0 0 0 0 0 0 0 0 0 0 0 0 0 0 0 0 0 0 0 0 0 0 0 
0 0 0 0 0 0 0 0 14 0 0 0 0 0 0 0 0 0 0 0 0 0 0 0 0 0 0 0 0 0 0 0 0 0 0 0 0 0 0 0 0 0 0 0 0 0 0 0 0 0 0 0 0 0 0 0 0 0 0 0 0 0 0 0 0 0 0 0 0 0 0 0 0 0 0 0 0 0 0 0 
0 0 0 0 0 0 0 0 0 16 0 0 0 0 0 0 0 0 0 0 0 0 0 0 0 0 0 0 0 0 0 0 0 0 0 0 0 0 0 0 0 0 0 0 0 0 0 0 0 0 0 0 0 0 0 0 0 0 0 0 0 0 0 0 0 0 0 0 0 0 0 0 0 0 0 0 0 0 0 0 
0 0 0 0 0 0 0 0 0 0 5 0 0 0 0 0 0 0 0 0 0 0 0 0 0 0 0 0 0 0 0 0 0 0 0 0 0 0 0 0 0 0 0 0 0 0 0 0 0 0 0 0 0 0 0 0 0 0 0 0 0 0 0 0 0 0 0 0 0 0 0 0 0 0 0 0 0 0 0 0 
0 0 0 0 0 0 0 0 0 0 0 18 0 0 0 0 0 0 0 0 0 0 0 0 0 0 0 0 0 0 0 0 0 0 0 0 0 0 0 0 0 0 0 0 0 0 0 0 0 0 0 0 0 0 0 0 0 0 0 0 0 0 0 0 0 0 0 0 0 0 0 0 0 0 0 0 0 0 0 0 
0 0 0 0 0 0 0 0 0 0 0 0 10 0 0 0 0 0 0 0 0 0 0 0 0 0 0 0 0 0 0 0 0 0 0 0 0 0 0 0 0 0 0 0 0 0 0 0 0 0 0 0 0 0 0 0 0 0 0 0 0 0 0 0 0 0 0 0 0 0 0 0 0 0 0 0 0 0 0 0 
0 0 0 0 0 0 0 0 0 0 0 0 0 15 0 0 0 0 0 0 0 0 0 0 0 0 0 0 0 0 0 0 0 0 0 0 0 0 0 0 0 0 0 0 0 0 0 0 0 0 0 0 0 0 0 0 0 0 0 0 0 0 0 0 0 0 0 0 0 0 0 0 0 0 0 0 0 0 0 0 
0 0 0 0 0 0 0 0 0 0 0 0 0 0 14 0 0 0 0 0 0 0 0 0 0 0 0 0 0 0 0 0 0 0 0 0 0 0 0 0 0 0 0 0 0 0 0 0 0 0 0 0 0 0 0 0 0 0 0 0 0 0 0 0 0 0 0 0 0 0 0 0 0 0 0 0 0 0 0 0 
0 0 0 0 0 0 0 0 0 0 0 0 0 0 0 16 0 0 0 0 0 0 0 0 0 0 0 0 0 0 0 0 0 0 0 0 0 0 0 0 0 0 0 0 0 0 0 0 0 0 0 0 0 0 0 0 0 0 0 0 0 0 0 0 0 0 0 0 0 0 0 0 0 0 0 0 0 0 0 0 
0 0 0 0 0 0 0 0 0 0 0 0 0 0 0 0 8 0 0 0 0 0 0 0 0 0 0 0 0 0 0 0 0 0 0 0 0 0 0 0 0 0 0 0 0 0 0 0 0 0 0 0 0 0 0 0 0 0 0 0 0 0 0 0 0 0 0 0 0 0 0 0 0 0 0 0 0 0 0 0 
0 0 0 0 0 0 0 0 0 0 0 0 0 0 0 0 0 11 0 0 0 0 0 0 0 0 0 0 0 0 0 0 0 0 0 0 0 0 0 0 0 0 0 0 0 0 0 0 0 0 0 0 0 0 0 0 0 0 0 0 0 0 0 0 0 0 0 0 0 0 0 0 0 0 0 0 0 0 0 0 
0 0 0 0 0 0 0 0 0 0 0 0 0 0 0 0 0 0 9 0 0 0 0 0 0 0 0 0 0 0 0 0 0 0 0 0 0 0 0 0 0 0 0 0 0 0 0 0 0 0 0 0 0 0 0 0 0 0 0 0 0 0 0 0 0 0 0 0 0 0 0 0 0 0 0 0 0 0 0 0 
0 0 0 0 0 0 0 0 0 0 0 0 0 0 0 0 0 0 0 1 0 0 0 0 0 0 0 0 0 0 0 0 0 0 0 0 0 0 0 0 0 0 0 0 0 0 0 0 0 0 0 0 0 0 0 0 0 0 0 0 0 0 0 0 0 0 0 0 0 0 0 0 0 0 0 0 0 0 0 0 
0 0 0 0 0 0 0 0 0 0 0 0 0 0 0 0 0 0 0 0 13 0 0 0 0 0 0 0 0 0 0 0 0 0 0 0 0 0 0 0 0 0 0 0 0 0 0 0 0 0 0 0 0 0 0 0 0 0 0 0 0 0 0 0 0 0 0 0 0 0 0 0 0 0 0 0 0 0 0 0 
0 0 0 0 0 0 0 0 0 0 0 0 0 0 0 0 0 0 0 0 0 11 0 0 0 0 0 0 0 0 0 0 0 0 0 0 0 0 0 0 0 0 0 0 0 0 0 0 0 0 0 0 0 0 0 0 0 0 0 0 0 0 0 0 0 0 0 0 0 0 0 0 0 0 0 0 0 0 0 0 
0 0 0 0 0 0 0 0 0 0 0 0 0 0 0 0 0 0 0 0 0 0 8 0 0 0 0 0 0 0 0 0 0 0 0 0 0 0 0 0 0 0 0 0 0 0 0 0 0 0 0 0 0 0 0 0 0 0 0 0 0 0 0 0 0 0 0 0 0 0 0 0 0 0 0 0 0 0 0 0 
0 0 0 0 0 0 0 0 0 0 0 0 0 0 0 0 0 0 0 0 0 0 0 19 0 0 0 0 0 0 0 0 0 0 0 0 0 0 0 0 0 0 0 0 0 0 0 0 0 0 0 0 0 0 0 0 0 0 0 0 0 0 0 0 0 0 0 0 0 0 0 0 0 0 0 0 0 0 0 0 
0 0 0 0 0 0 0 0 0 0 0 0 0 0 0 0 0 0 0 0 0 0 0 0 5 0 0 0 0 0 0 0 0 0 0 0 0 0 0 0 0 0 0 0 0 0 0 0 0 0 0 0 0 0 0 0 0 0 0 0 0 0 0 0 0 0 0 0 0 0 0 0 0 0 0 0 0 0 0 0 
0 0 0 0 0 0 0 0 0 0 0 0 0 0 0 0 0 0 0 0 0 0 0 0 0 8 0 0 0 0 0 0 0 0 0 0 0 0 0 0 0 0 0 0 0 0 0 0 0 0 0 0 0 0 0 0 0 0 0 0 0 0 0 0 0 0 0 0 0 0 0 0 0 0 0 0 0 0 0 0 
0 0 0 0 0 0 0 0 0 0 0 0 0 0 0 0 0 0 0 0 0 0 0 0 0 0 4 0 0 0 0 0 0 0 0 0 0 0 0 0 0 0 0 0 0 0 0 0 0 0 0 0 0 0 0 0 0 0 0 0 0 0 0 0 0 0 0 0 0 0 0 0 0 0 0 0 0 0 0 0 
0 0 0 0 0 0 0 0 0 0 0 0 0 0 0 0 0 0 0 0 0 0 0 0 0 0 0 18 0 0 0 0 0 0 0 0 0 0 0 0 0 0 0 0 0 0 0 0 0 0 0 0 0 0 0 0 0 0 0 0 0 0 0 0 0 0 0 0 0 0 0 0 0 0 0 0 0 0 0 0 
0 0 0 0 0 0 0 0 0 0 0 0 0 0 0 0 0 0 0 0 0 0 0 0 0 0 0 0 14 0 0 0 0 0 0 0 0 0 0 0 0 0 0 0 0 0 0 0 0 0 0 0 0 0 0 0 0 0 0 0 0 0 0 0 0 0 0 0 0 0 0 0 0 0 0 0 0 0 0 0 
0 0 0 0 0 0 0 0 0 0 0 0 0 0 0 0 0 0 0 0 0 0 0 0 0 0 0 0 0 18 0 0 0 0 0 0 0 0 0 0 0 0 0 0 0 0 0 0 0 0 0 0 0 0 0 0 0 0 0 0 0 0 0 0 0 0 0 0 0 0 0 0 0 0 0 0 0 0 0 0 
0 0 0 0 0 0 0 0 0 0 0 0 0 0 0 0 0 0 0 0 0 0 0 0 0 0 0 0 0 0 8 0 0 0 0 0 0 0 0 0 0 0 0 0 0 0 0 0 0 0 0 0 0 0 0 0 0 0 0 0 0 0 0 0 0 0 0 0 0 0 0 0 0 0 0 0 0 0 0 0 
0 0 0 0 0 0 0 0 0 0 0 0 0 0 0 0 0 0 0 0 0 0 0 0 0 0 0 0 0 0 0 16 0 0 0 0 0 0 0 0 0 0 0 0 0 0 0 0 0 0 0 0 0 0 0 0 0 0 0 0 0 0 0 0 0 0 0 0 0 0 0 0 0 0 0 0 0 0 0 0 
0 0 0 0 0 0 0 0 0 0 0 0 0 0 0 0 0 0 0 0 0 0 0 0 0 0 0 0 0 0 0 0 8 0 0 0 0 0 0 0 0 0 0 0 0 0 0 0 0 0 0 0 0 0 0 0 0 0 0 0 0 0 0 0 0 0 0 0 0 0 0 0 0 0 0 0 0 0 0 0 
0 0 0 0 0 0 0 0 0 0 0 0 0 0 0 0 0 0 0 0 0 0 0 0 0 0 0 0 0 0 0 0 0 11 0 0 0 0 0 0 0 0 0 0 0 0 0 0 0 0 0 0 0 0 0 0 0 0 0 0 0 0 0 0 0 0 0 0 0 0 0 0 0 0 0 0 0 0 0 0 
0 0 0 0 0 0 0 0 0 0 0 0 0 0 0 0 0 0 0 0 0 0 0 0 0 0 0 0 0 0 0 0 0 0 20 0 0 0 0 0 0 0 0 0 0 0 0 0 0 0 0 0 0 0 0 0 0 0 0 0 0 0 0 0 0 0 0 0 0 0 0 0 0 0 0 0 0 0 0 0 
0 0 0 0 0 0 0 0 0 0 0 0 0 0 0 0 0 0 0 0 0 0 0 0 0 0 0 0 0 0 0 0 0 0 0 20 0 0 0 0 0 0 0 0 0 0 0 0 0 0 0 0 0 0 0 0 0 0 0 0 0 0 0 0 0 0 0 0 0 0 0 0 0 0 0 0 0 0 0 0 
0 0 0 0 0 0 0 0 0 0 0 0 0 0 0 0 0 0 0 0 0 0 0 0 0 0 0 0 0 0 0 0 0 0 0 0 12 0 0 0 0 0 0 0 0 0 0 0 0 0 0 0 0 0 0 0 0 0 0 0 0 0 0 0 0 0 0 0 0 0 0 0 0 0 0 0 0 0 0 0 
0 0 0 0 0 0 0 0 0 0 0 0 0 0 0 0 0 0 0 0 0 0 0 0 0 0 0 0 0 0 0 0 0 0 0 0 0 15 0 0 0 0 0 0 0 0 0 0 0 0 0 0 0 0 0 0 0 0 0 0 0 0 0 0 0 0 0 0 0 0 0 0 0 0 0 0 0 0 0 0 
0 0 0 0 0 0 0 0 0 0 0 0 0 0 0 0 0 0 0 0 0 0 0 0 0 0 0 0 0 0 0 0 0 0 0 0 0 0 13 0 0 0 0 0 0 0 0 0 0 0 0 0 0 0 0 0 0 0 0 0 0 0 0 0 0 0 0 0 0 0 0 0 0 0 0 0 0 0 0 0 
0 0 0 0 0 0 0 0 0 0 0 0 0 0 0 0 0 0 0 0 0 0 0 0 0 0 0 0 0 0 0 0 0 0 0 0 0 0 0 6 0 0 0 0 0 0 0 0 0 0 0 0 0 0 0 0 0 0 0 0 0 0 0 0 0 0 0 0 0 0 0 0 0 0 0 0 0 0 0 0 
0 0 0 0 0 0 0 0 0 0 0 0 0 0 0 0 0 0 0 0 0 0 0 0 0 0 0 0 0 0 0 0 0 0 0 0 0 0 0 0 9 0 0 0 0 0 0 0 0 0 0 0 0 0 0 0 0 0 0 0 0 0 0 0 0 0 0 0 0 0 0 0 0 0 0 0 0 0 0 0 
0 0 0 0 0 0 0 0 0 0 0 0 0 0 0 0 0 0 0 0 0 0 0 0 0 0 0 0 0 0 0 0 0 0 0 0 0 0 0 0 0 19 0 0 0 0 0 0 0 0 0 0 0 0 0 0 0 0 0 0 0 0 0 0 0 0 0 0 0 0 0 0 0 0 0 0 0 0 0 0 
0 0 0 0 0 0 0 0 0 0 0 0 0 0 0 0 0 0 0 0 0 0 0 0 0 0 0 0 0 0 0 0 0 0 0 0 0 0 0 0 0 0 1 0 0 0 0 0 0 0 0 0 0 0 0 0 0 0 0 0 0 0 0 0 0 0 0 0 0 0 0 0 0 0 0 0 0 0 0 0 
0 0 0 0 0 0 0 0 0 0 0 0 0 0 0 0 0 0 0 0 0 0 0 0 0 0 0 0 0 0 0 0 0 0 0 0 0 0 0 0 0 0 0 20 0 0 0 0 0 0 0 0 0 0 0 0 0 0 0 0 0 0 0 0 0 0 0 0 0 0 0 0 0 0 0 0 0 0 0 0 
0 0 0 0 0 0 0 0 0 0 0 0 0 0 0 0 0 0 0 0 0 0 0 0 0 0 0 0 0 0 0 0 0 0 0 0 0 0 0 0 0 0 0 0 11 0 0 0 0 0 0 0 0 0 0 0 0 0 0 0 0 0 0 0 0 0 0 0 0 0 0 0 0 0 0 0 0 0 0 0 
0 0 0 0 0 0 0 0 0 0 0 0 0 0 0 0 0 0 0 0 0 0 0 0 0 0 0 0 0 0 0 0 0 0 0 0 0 0 0 0 0 0 0 0 0 17 0 0 0 0 0 0 0 0 0 0 0 0 0 0 0 0 0 0 0 0 0 0 0 0 0 0 0 0 0 0 0 0 0 0 
0 0 0 0 0 0 0 0 0 0 0 0 0 0 0 0 0 0 0 0 0 0 0 0 0 0 0 0 0 0 0 0 0 0 0 0 0 0 0 0 0 0 0 0 0 0 13 0 0 0 0 0 0 0 0 0 0 0 0 0 0 0 0 0 0 0 0 0 0 0 0 0 0 0 0 0 0 0 0 0 
0 0 0 0 0 0 0 0 0 0 0 0 0 0 0 0 0 0 0 0 0 0 0 0 0 0 0 0 0 0 0 0 0 0 0 0 0 0 0 0 0 0 0 0 0 0 0 -1 0 0 0 0 0 0 0 0 0 0 0 0 0 0 0 0 0 0 0 0 0 0 0 0 0 0 0 0 0 0 0 0 
0 0 0 0 0 0 0 0 0 0 0 0 0 0 0 0 0 0 0 0 0 0 0 0 0 0 0 0 0 0 0 0 0 0 0 0 0 0 0 0 0 0 0 0 0 0 0 0 5 0 0 0 0 0 0 0 0 0 0 0 0 0 0 0 0 0 0 0 0 0 0 0 0 0 0 0 0 0 0 0 
0 0 0 0 0 0 0 0 0 0 0 0 0 0 0 0 0 0 0 0 0 0 0 0 0 0 0 0 0 0 0 0 0 0 0 0 0 0 0 0 0 0 0 0 0 0 0 0 0 1 0 0 0 0 0 0 0 0 0 0 0 0 0 0 0 0 0 0 0 0 0 0 0 0 0 0 0 0 0 0 
0 0 0 0 0 0 0 0 0 0 0 0 0 0 0 0 0 0 0 0 0 0 0 0 0 0 0 0 0 0 0 0 0 0 0 0 0 0 0 0 0 0 0 0 0 0 0 0 0 0 -1 0 0 0 0 0 0 0 0 0 0 0 0 0 0 0 0 0 0 0 0 0 0 0 0 0 0 0 0 0 
0 0 0 0 0 0 0 0 0 0 0 0 0 0 0 0 0 0 0 0 0 0 0 0 0 0 0 0 0 0 0 0 0 0 0 0 0 0 0 0 0 0 0 0 0 0 0 0 0 0 0 17 0 0 0 0 0 0 0 0 0 0 0 0 0 0 0 0 0 0 0 0 0 0 0 0 0 0 0 0 
0 0 0 0 0 0 0 0 0 0 0 0 0 0 0 0 0 0 0 0 0 0 0 0 0 0 0 0 0 0 0 0 0 0 0 0 0 0 0 0 0 0 0 0 0 0 0 0 0 0 0 0 11 0 0 0 0 0 0 0 0 0 0 0 0 0 0 0 0 0 0 0 0 0 0 0 0 0 0 0 
0 0 0 0 0 0 0 0 0 0 0 0 0 0 0 0 0 0 0 0 0 0 0 0 0 0 0 0 0 0 0 0 0 0 0 0 0 0 0 0 0 0 0 0 0 0 0 0 0 0 0 0 0 6 0 0 0 0 0 0 0 0 0 0 0 0 0 0 0 0 0 0 0 0 0 0 0 0 0 0 
0 0 0 0 0 0 0 0 0 0 0 0 0 0 0 0 0 0 0 0 0 0 0 0 0 0 0 0 0 0 0 0 0 0 0 0 0 0 0 0 0 0 0 0 0 0 0 0 0 0 0 0 0 0 15 0 0 0 0 0 0 0 0 0 0 0 0 0 0 0 0 0 0 0 0 0 0 0 0 0 
0 0 0 0 0 0 0 0 0 0 0 0 0 0 0 0 0 0 0 0 0 0 0 0 0 0 0 0 0 0 0 0 0 0 0 0 0 0 0 0 0 0 0 0 0 0 0 0 0 0 0 0 0 0 0 15 0 0 0 0 0 0 0 0 0 0 0 0 0 0 0 0 0 0 0 0 0 0 0 0 
0 0 0 0 0 0 0 0 0 0 0 0 0 0 0 0 0 0 0 0 0 0 0 0 0 0 0 0 0 0 0 0 0 0 0 0 0 0 0 0 0 0 0 0 0 0 0 0 0 0 0 0 0 0 0 0 15 0 0 0 0 0 0 0 0 0 0 0 0 0 0 0 0 0 0 0 0 0 0 0 
0 0 0 0 0 0 0 0 0 0 0 0 0 0 0 0 0 0 0 0 0 0 0 0 0 0 0 0 0 0 0 0 0 0 0 0 0 0 0 0 0 0 0 0 0 0 0 0 0 0 0 0 0 0 0 0 0 -1 0 0 0 0 0 0 0 0 0 0 0 0 0 0 0 0 0 0 0 0 0 0 
0 0 0 0 0 0 0 0 0 0 0 0 0 0 0 0 0 0 0 0 0 0 0 0 0 0 0 0 0 0 0 0 0 0 0 0 0 0 0 0 0 0 0 0 0 0 0 0 0 0 0 0 0 0 0 0 0 0 10 0 0 0 0 0 0 0 0 0 0 0 0 0 0 0 0 0 0 0 0 0 
0 0 0 0 0 0 0 0 0 0 0 0 0 0 0 0 0 0 0 0 0 0 0 0 0 0 0 0 0 0 0 0 0 0 0 0 0 0 0 0 0 0 0 0 0 0 0 0 0 0 0 0 0 0 0 0 0 0 0 8 0 0 0 0 0 0 0 0 0 0 0 0 0 0 0 0 0 0 0 0 
0 0 0 0 0 0 0 0 0 0 0 0 0 0 0 0 0 0 0 0 0 0 0 0 0 0 0 0 0 0 0 0 0 0 0 0 0 0 0 0 0 0 0 0 0 0 0 0 0 0 0 0 0 0 0 0 0 0 0 0 16 0 0 0 0 0 0 0 0 0 0 0 0 0 0 0 0 0 0 0 
0 0 0 0 0 0 0 0 0 0 0 0 0 0 0 0 0 0 0 0 0 0 0 0 0 0 0 0 0 0 0 0 0 0 0 0 0 0 0 0 0 0 0 0 0 0 0 0 0 0 0 0 0 0 0 0 0 0 0 0 0 19 0 0 0 0 0 0 0 0 0 0 0 0 0 0 0 0 0 0 
0 0 0 0 0 0 0 0 0 0 0 0 0 0 0 0 0 0 0 0 0 0 0 0 0 0 0 0 0 0 0 0 0 0 0 0 0 0 0 0 0 0 0 0 0 0 0 0 0 0 0 0 0 0 0 0 0 0 0 0 0 0 4 0 0 0 0 0 0 0 0 0 0 0 0 0 0 0 0 0 
0 0 0 0 0 0 0 0 0 0 0 0 0 0 0 0 0 0 0 0 0 0 0 0 0 0 0 0 0 0 0 0 0 0 0 0 0 0 0 0 0 0 0 0 0 0 0 0 0 0 0 0 0 0 0 0 0 0 0 0 0 0 0 3 0 0 0 0 0 0 0 0 0 0 0 0 0 0 0 0 
0 0 0 0 0 0 0 0 0 0 0 0 0 0 0 0 0 0 0 0 0 0 0 0 0 0 0 0 0 0 0 0 0 0 0 0 0 0 0 0 0 0 0 0 0 0 0 0 0 0 0 0 0 0 0 0 0 0 0 0 0 0 0 0 10 0 0 0 0 0 0 0 0 0 0 0 0 0 0 0 
0 0 0 0 0 0 0 0 0 0 0 0 0 0 0 0 0 0 0 0 0 0 0 0 0 0 0 0 0 0 0 0 0 0 0 0 0 0 0 0 0 0 0 0 0 0 0 0 0 0 0 0 0 0 0 0 0 0 0 0 0 0 0 0 0 3 0 0 0 0 0 0 0 0 0 0 0 0 0 0 
0 0 0 0 0 0 0 0 0 0 0 0 0 0 0 0 0 0 0 0 0 0 0 0 0 0 0 0 0 0 0 0 0 0 0 0 0 0 0 0 0 0 0 0 0 0 0 0 0 0 0 0 0 0 0 0 0 0 0 0 0 0 0 0 0 0 3 0 0 0 0 0 0 0 0 0 0 0 0 0 
0 0 0 0 0 0 0 0 0 0 0 0 0 0 0 0 0 0 0 0 0 0 0 0 0 0 0 0 0 0 0 0 0 0 0 0 0 0 0 0 0 0 0 0 0 0 0 0 0 0 0 0 0 0 0 0 0 0 0 0 0 0 0 0 0 0 0 1 0 0 0 0 0 0 0 0 0 0 0 0 
0 0 0 0 0 0 0 0 0 0 0 0 0 0 0 0 0 0 0 0 0 0 0 0 0 0 0 0 0 0 0 0 0 0 0 0 0 0 0 0 0 0 0 0 0 0 0 0 0 0 0 0 0 0 0 0 0 0 0 0 0 0 0 0 0 0 0 0 17 0 0 0 0 0 0 0 0 0 0 0 
0 0 0 0 0 0 0 0 0 0 0 0 0 0 0 0 0 0 0 0 0 0 0 0 0 0 0 0 0 0 0 0 0 0 0 0 0 0 0 0 0 0 0 0 0 0 0 0 0 0 0 0 0 0 0 0 0 0 0 0 0 0 0 0 0 0 0 0 0 15 0 0 0 0 0 0 0 0 0 0 
0 0 0 0 0 0 0 0 0 0 0 0 0 0 0 0 0 0 0 0 0 0 0 0 0 0 0 0 0 0 0 0 0 0 0 0 0 0 0 0 0 0 0 0 0 0 0 0 0 0 0 0 0 0 0 0 0 0 0 0 0 0 0 0 0 0 0 0 0 0 6 0 0 0 0 0 0 0 0 0 
0 0 0 0 0 0 0 0 0 0 0 0 0 0 0 0 0 0 0 0 0 0 0 0 0 0 0 0 0 0 0 0 0 0 0 0 0 0 0 0 0 0 0 0 0 0 0 0 0 0 0 0 0 0 0 0 0 0 0 0 0 0 0 0 0 0 0 0 0 0 0 3 0 0 0 0 0 0 0 0 
0 0 0 0 0 0 0 0 0 0 0 0 0 0 0 0 0 0 0 0 0 0 0 0 0 0 0 0 0 0 0 0 0 0 0 0 0 0 0 0 0 0 0 0 0 0 0 0 0 0 0 0 0 0 0 0 0 0 0 0 0 0 0 0 0 0 0 0 0 0 0 0 11 0 0 0 0 0 0 0 
0 0 0 0 0 0 0 0 0 0 0 0 0 0 0 0 0 0 0 0 0 0 0 0 0 0 0 0 0 0 0 0 0 0 0 0 0 0 0 0 0 0 0 0 0 0 0 0 0 0 0 0 0 0 0 0 0 0 0 0 0 0 0 0 0 0 0 0 0 0 0 0 0 7 0 0 0 0 0 0 
0 0 0 0 0 0 0 0 0 0 0 0 0 0 0 0 0 0 0 0 0 0 0 0 0 0 0 0 0 0 0 0 0 0 0 0 0 0 0 0 0 0 0 0 0 0 0 0 0 0 0 0 0 0 0 0 0 0 0 0 0 0 0 0 0 0 0 0 0 0 0 0 0 0 1 0 0 0 0 0 
0 0 0 0 0 0 0 0 0 0 0 0 0 0 0 0 0 0 0 0 0 0 0 0 0 0 0 0 0 0 0 0 0 0 0 0 0 0 0 0 0 0 0 0 0 0 0 0 0 0 0 0 0 0 0 0 0 0 0 0 0 0 0 0 0 0 0 0 0 0 0 0 0 0 0 3 0 0 0 0 
0 0 0 0 0 0 0 0 0 0 0 0 0 0 0 0 0 0 0 0 0 0 0 0 0 0 0 0 0 0 0 0 0 0 0 0 0 0 0 0 0 0 0 0 0 0 0 0 0 0 0 0 0 0 0 0 0 0 0 0 0 0 0 0 0 0 0 0 0 0 0 0 0 0 0 0 14 0 0 0 
0 0 0 0 0 0 0 0 0 0 0 0 0 0 0 0 0 0 0 0 0 0 0 0 0 0 0 0 0 0 0 0 0 0 0 0 0 0 0 0 0 0 0 0 0 0 0 0 0 0 0 0 0 0 0 0 0 0 0 0 0 0 0 0 0 0 0 0 0 0 0 0 0 0 0 0 0 -1 0 0 
0 0 0 0 0 0 0 0 0 0 0 0 0 0 0 0 0 0 0 0 0 0 0 0 0 0 0 0 0 0 0 0 0 0 0 0 0 0 0 0 0 0 0 0 0 0 0 0 0 0 0 0 0 0 0 0 0 0 0 0 0 0 0 0 0 0 0 0 0 0 0 0 0 0 0 0 0 0 7 0 
0 0 0 0 0 0 0 0 0 0 0 0 0 0 0 0 0 0 0 0 0 0 0 0 0 0 0 0 0 0 0 0 0 0 0 0 0 0 0 0 0 0 0 0 0 0 0 0 0 0 0 0 0 0 0 0 0 0 0 0 0 0 0 0 0 0 0 0 0 0 0 0 0 0 0 0 0 0 0 15 
0 0 0 0 0 0 0 0 0 0 0 0 0 0 0 0 0 0 0 0 0 0 0 0 0 0 0 0 0 0 0 0 0 0 0 0 0 0 0 0 0 0 0 0 0 0 0 0 0 0 0 0 0 0 0 0 0 0 0 0 0 0 0 0 0 0 0 0 0 0 0 0 0 0 0 0 0 0 0 0 
0 0 0 0 0 0 0 0 0 0 0 0 0 0 0 0 0 0 0 0 0 0 0 0 0 0 0 0 0 0 0 0 0 0 0 0 0 0 0 0 0 0 0 0 0 0 0 0 0 0 0 0 0 0 0 0 0 0 0 0 0 0 0 0 0 0 0 0 0 0 0 0 0 0 0 0 0 0 0 0 
0 0 0 0 0 0 0 0 0 0 0 0 0 0 0 0 0 0 0 0 0 0 0 0 0 0 0 0 0 0 0 0 0 0 0 0 0 0 0 0 0 0 0 0 0 0 0 0 0 0 0 0 0 0 0 0 0 0 0 0 0 0 0 0 0 0 0 0 0 0 0 0 0 0 0 0 0 0 0 0 
0 0 0 0 0 0 0 0 0 0 0 0 0 0 0 0 0 0 0 0 0 0 0 0 0 0 0 0 0 0 0 0 0 0 0 0 0 0 0 0 0 0 0 0 0 0 0 0 0 0 0 0 0 0 0 0 0 0 0 0 0 0 0 0 0 0 0 0 0 0 0 0 0 0 0 0 0 0 0 0 
0 0 0 0 0 0 0 0 0 0 0 0 0 0 0 0 0 0 0 0 0 0 0 0 0 0 0 0 0 0 0 0 0 0 0 0 0 0 0 0 0 0 0 0 0 0 0 0 0 0 0 0 0 0 0 0 0 0 0 0 0 0 0 0 0 0 0 0 0 0 0 0 0 0 0 0 0 0 0 0 
0 0 0 0 0 0 0 0 0 0 0 0 0 0 0 0 0 0 0 0 0 0 0 0 0 0 0 0 0 0 0 0 0 0 0 0 0 0 0 0 0 0 0 0 0 0 0 0 0 0 0 0 0 0 0 0 0 0 0 0 0 0 0 0 0 0 0 0 0 0 0 0 0 0 0 0 0 0 0 0 
0 0 0 0 0 0 0 0 0 0 0 0 0 0 0 0 0 0 0 0 0 0 0 0 0 0 0 0 0 0 0 0 0 0 0 0 0 0 0 0 0 0 0 0 0 0 0 0 0 0 0 0 0 0 0 0 0 0 0 0 0 0 0 0 0 0 0 0 0 0 0 0 0 0 0 0 0 0 0 0 
0 0 0 0 0 0 0 0 0 0 0 0 0 0 0 0 0 0 0 0 0 0 0 0 0 0 0 0 0 0 0 0 0 0 0 0 0 0 0 0 0 0 0 0 0 0 0 0 0 0 0 0 0 0 0 0 0 0 0 0 0 0 0 0 0 0 0 0 0 0 0 0 0 0 0 0 0 0 0 0 
0 0 0 0 0 0 0 0 0 0 0 0 0 0 0 0 0 0 0 0 0 0 0 0 0 0 0 0 0 0 0 0 0 0 0 0 0 0 0 0 0 0 0 0 0 0 0 0 0 0 0 0 0 0 0 0 0 0 0 0 0 0 0 0 0 0 0 0 0 0 0 0 0 0 0 0 0 0 0 0 
0 0 0 0 0 0 0 0 0 0 0 0 0 0 0 0 0 0 0 0 0 0 0 0 0 0 0 0 0 0 0 0 0 0 0 0 0 0 0 0 0 0 0 0 0 0 0 0 0 0 0 0 0 0 0 0 0 0 0 0 0 0 0 0 0 0 0 0 0 0 0 0 0 0 0 0 0 0 0 0 
0 0 0 0 0 0 0 0 0 0 0 0 0 0 0 0 0 0 0 0 0 0 0 0 0 0 0 0 0 0 0 0 0 0 0 0 0 0 0 0 0 0 0 0 0 0 0 0 0 0 0 0 0 0 0 0 0 0 0 0 0 0 0 0 0 0 0 0 0 0 0 0 0 0 0 0 0 0 0 0 
0 0 0 0 0 0 0 0 0 0 0 0 0 0 0 0 0 0 0 0 0 0 0 0 0 0 0 0 0 0 0 0 0 0 0 0 0 0 0 0 0 0 0 0 0 0 0 0 0 0 0 0 0 0 0 0 0 0 0 0 0 0 0 0 0 0 0 0 0 0 0 0 0 0 0 0 0 0 0 0 
0 0 0 0 0 0 0 0 0 0 0 0 0 0 0 0 0 0 0 0 0 0 0 0 0 0 0 0 0 0 0 0 0 0 0 0 0 0 0 0 0 0 0 0 0 0 0 0 0 0 0 0 0 0 0 0 0 0 0 0 0 0 0 0 0 0 0 0 0 0 0 0 0 0 0 0 0 0 0 0 
0 0 0 0 0 0 0 0 0 0 0 0 0 0 0 0 0 0 0 0 0 0 0 0 0 0 0 0 0 0 0 0 0 0 0 0 0 0 0 0 0 0 0 0 0 0 0 0 0 0 0 0 0 0 0 0 0 0 0 0 0 0 0 0 0 0 0 0 0 0 0 0 0 0 0 0 0 0 0 0 
0 0 0 0 0 0 0 0 0 0 0 0 0 0 0 0 0 0 0 0 0 0 0 0 0 0 0 0 0 0 0 0 0 0 0 0 0 0 0 0 0 0 0 0 0 0 0 0 0 0 0 0 0 0 0 0 0 0 0 0 0 0 0 0 0 0 0 0 0 0 0 0 0 0 0 0 0 0 0 0 
0 0 0 0 0 0 0 0 0 0 0 0 0 0 0 0 0 0 0 0 0 0 0 0 0 0 0 0 0 0 0 0 0 0 0 0 0 0 0 0 0 0 0 0 0 0 0 0 0 0 0 0 0 0 0 0 0 0 0 0 0 0 0 0 0 0 0 0 0 0 0 0 0 0 0 0 0 0 0 0 
0 0 0 0 0 0 0 0 0 0 0 0 0 0 0 0 0 0 0 0 0 0 0 0 0 0 0 0 0 0 0 0 0 0 0 0 0 0 0 0 0 0 0 0 0 0 0 0 0 0 0 0 0 0 0 0 0 0 0 0 0 0 0 0 0 0 0 0 0 0 0 0 0 0 0 0 0 0 0 0 
0 0 0 0 0 0 0 0 0 0 0 0 0 0 0 0 0 0 0 0 0 0 0 0 0 0 0 0 0 0 0 0 0 0 0 0 0 0 0 0 0 0 0 0 0 0 0 0 0 0 0 0 0 0 0 0 0 0 0 0 0 0 0 0 0 0 0 0 0 0 0 0 0 0 0 0 0 0 0 0 
0 0 0 0 0 0 0 0 0 0 0 0 0 0 0 0 0 0 0 0 0 0 0 0 0 0 0 0 0 0 0 0 0 0 0 0 0 0 0 0 0 0 0 0 0 0 0 0 0 0 0 0 0 0 0 0 0 0 0 0 0 0 0 0 0 0 0 0 0 0 0 0 0 0 0 0 0 0 0 0 
0 0 0 0 0 0 0 0 0 0 0 0 0 0 0 0 0 0 0 0 0 0 0 0 0 0 0 0 0 0 0 0 0 0 0 0 0 0 0 0 0 0 0 0 0 0 0 0 0 0 0 0 0 0 0 0 0 0 0 0 0 0 0 0 0 0 0 0 0 0 0 0 0 0 0 0 0 0 0 0 
0 0 0 0 0 0 0 0 0 0 0 0 0 0 0 0 0 0 0 0 0 0 0 0 0 0 0 0 0 0 0 0 0 0 0 0 0 0 0 0 0 0 0 0 0 0 0 0 0 0 0 0 0 0 0 0 0 0 0 0 0 0 0 0 0 0 0 0 0 0 0 0 0 0 0 0 0 0 0 0 
0 0 0 0 0 0 0 0 0 0 0 0 0 0 0 0 0 0 0 0 0 0 0 0 0 0 0 0 0 0 0 0 0 0 0 0 0 0 0 0 0 0 0 0 0 0 0 0 0 0 0 0 0 0 0 0 0 0 0 0 0 0 0 0 0 0 0 0 0 0 0 0 0 0 0 0 0 0 0 0 
0 0 0 0 0 0 0 0 0 0 0 0 0 0 0 0 0 0 0 0 0 0 0 0 0 0 0 0 0 0 0 0 0 0 0 0 0 0 0 0 0 0 0 0 0 0 0 0 0 0 0 0 0 0 0 0 0 0 0 0 0 0 0 0 0 0 0 0 0 0 0 0 0 0 0 0 0 0 0 0 
0 0 0 0 0 0 0 0 0 0 0 0 0 0 0 0 0 0 0 0 0 0 0 0 0 0 0 0 0 0 0 0 0 0 0 0 0 0 0 0 0 0 0 0 0 0 0 0 0 0 0 0 0 0 0 0 0 0 0 0 0 0 0 0 0 0 0 0 0 0 0 0 0 0 0 0 0 0 0 0 
0 0 0 0 0 0 0 0 0 0 0 0 0 0 0 0 0 0 0 0 0 0 0 0 0 0 0 0 0 0 0 0 0 0 0 0 0 0 0 0 0 0 0 0 0 0 0 0 0 0 0 0 0 0 0 0 0 0 0 0 0 0 0 0 0 0 0 0 0 0 0 0 0 0 0 0 0 0 0 0 
0 0 0 0 0 0 0 0 0 0 0 0 0 0 0 0 0 0 0 0 0 0 0 0 0 0 0 0 0 0 0 0 0 0 0 0 0 0 0 0 0 0 0 0 0 0 0 0 0 0 0 0 0 0 0 0 0 0 0 0 0 0 0 0 0 0 0 0 0 0 0 0 0 0 0 0 0 0 0 0 
0 0 0 0 0 0 0 0 0 0 0 0 0 0 0 0 0 0 0 0 0 0 0 0 0 0 0 0 0 0 0 0 0 0 0 0 0 0 0 0 0 0 0 0 0 0 0 0 0 0 0 0 0 0 0 0 0 0 0 0 0 0 0 0 0 0 0 0 0 0 0 0 0 0 0 0 0 0 0 0 
0 0 0 0 0 0 0 0 0 0 0 0 0 0 0 0 0 0 0 0 0 0 0 0 0 0 0 0 0 0 0 0 0 0 0 0 0 0 0 0 0 0 0 0 0 0 0 0 0 0 0 0 0 0 0 0 0 0 0 0 0 0 0 0 0 0 0 0 0 0 0 0 0 0 0 0 0 0 0 0 
0 0 0 0 0 0 0 0 0 0 0 0 0 0 0 0 0 0 0 0 0 0 0 0 0 0 0 0 0 0 0 0 0 0 0 0 0 0 0 0 0 0 0 0 0 0 0 0 0 0 0 0 0 0 0 0 0 0 0 0 0 0 0 0 0 0 0 0 0 0 0 0 0 0 0 0 0 0 0 0 
0 0 0 0 0 0 0 0 0 0 0 0 0 0 0 0 0 0 0 0 0 0 0 0 0 0 0 0 0 0 0 0 0 0 0 0 0 0 0 0 0 0 0 0 0 0 0 0 0 0 0 0 0 0 0 0 0 0 0 0 0 0 0 0 0 0 0 0 0 0 0 0 0 0 0 0 0 0 0 0 
0 0 0 0 0 0 0 0 0 0 0 0 0 0 0 0 0 0 0 0 0 0 0 0 0 0 0 0 0 0 0 0 0 0 0 0 0 0 0 0 0 0 0 0 0 0 0 0 0 0 0 0 0 0 0 0 0 0 0 0 0 0 0 0 0 0 0 0 0 0 0 0 0 0 0 0 0 0 0 0 
0 0 0 0 0 0 0 0 0 0 0 0 0 0 0 0 0 0 0 0 0 0 0 0 0 0 0 0 0 0 0 0 0 0 0 0 0 0 0 0 0 0 0 0 0 0 0 0 0 0 0 0 0 0 0 0 0 0 0 0 0 0 0 0 0 0 0 0 0 0 0 0 0 0 0 0 0 0 0 0 
0 0 0 0 0 0 0 0 0 0 0 0 0 0 0 0 0 0 0 0 0 0 0 0 0 0 0 0 0 0 0 0 0 0 0 0 0 0 0 0 0 0 0 0 0 0 0 0 0 0 0 0 0 0 0 0 0 0 0 0 0 0 0 0 0 0 0 0 0 0 0 0 0 0 0 0 0 0 0 0 
0 0 0 0 0 0 0 0 0 0 0 0 0 0 0 0 0 0 0 0 0 0 0 0 0 0 0 0 0 0 0 0 0 0 0 0 0 0 0 0 0 0 0 0 0 0 0 0 0 0 0 0 0 0 0 0 0 0 0 0 0 0 0 0 0 0 0 0 0 0 0 0 0 0 0 0 0 0 0 0 
0 0 0 0 0 0 0 0 0 0 0 0 0 0 0 0 0 0 0 0 0 0 0 0 0 0 0 0 0 0 0 0 0 0 0 0 0 0 0 0 0 0 0 0 0 0 0 0 0 0 0 0 0 0 0 0 0 0 0 0 0 0 0 0 0 0 0 0 0 0 0 0 0 0 0 0 0 0 0 0 
0 0 0 0 0 0 0 0 0 0 0 0 0 0 0 0 0 0 0 0 0 0 0 0 0 0 0 0 0 0 0 0 0 0 0 0 0 0 0 0 0 0 0 0 0 0 0 0 0 0 0 0 0 0 0 0 0 0 0 0 0 0 0 0 0 0 0 0 0 0 0 0 0 0 0 0 0 0 0 0 
0 0 0 0 0 0 0 0 0 0 0 0 0 0 0 0 0 0 0 0 0 0 0 0 0 0 0 0 0 0 0 0 0 0 0 0 0 0 0 0 0 0 0 0 0 0 0 0 0 0 0 0 0 0 0 0 0 0 0 0 0 0 0 0 0 0 0 0 0 0 0 0 0 0 0 0 0 0 0 0 
0 0 0 0 0 0 0 0 0 0 0 0 0 0 0 0 0 0 0 0 0 0 0 0 0 0 0 0 0 0 0 0 0 0 0 0 0 0 0 0 0 0 0 0 0 0 0 0 0 0 0 0 0 0 0 0 0 0 0 0 0 0 0 0 0 0 0 0 0 0 0 0 0 0 0 0 0 0 0 0 
0 0 0 0 0 0 0 0 0 0 0 0 0 0 0 0 0 0 0 0 0 0 0 0 0 0 0 0 0 0 0 0 0 0 0 0 0 0 0 0 0 0 0 0 0 0 0 0 0 0 0 0 0 0 0 0 0 0 0 0 0 0 0 0 0 0 0 0 0 0 0 0 0 0 0 0 0 0 0 0 
0 0 0 0 0 0 0 0 0 0 0 0 0 0 0 0 0 0 0 0 0 0 0 0 0 0 0 0 0 0 0 0 0 0 0 0 0 0 0 0 0 0 0 0 0 0 0 0 0 0 0 0 0 0 0 0 0 0 0 0 0 0 0 0 0 0 0 0 0 0 0 0 0 0 0 0 0 0 0 0 
0 0 0 0 0 0 0 0 0 0 0 0 0 0 0 0 0 0 0 0 0 0 0 0 0 0 0 0 0 0 0 0 0 0 0 0 0 0 0 0 0 0 0 0 0 0 0 0 0 0 0 0 0 0 0 0 0 0 0 0 0 0 0 0 0 0 0 0 0 0 0 0 0 0 0 0 0 0 0 0 
0 0 0 0 0 0 0 0 0 0 0 0 0 0 0 0 0 0 0 0 0 0 0 0 0 0 0 0 0 0 0 0 0 0 0 0 0 0 0 0 0 0 0 0 0 0 0 0 0 0 0 0 0 0 0 0 0 0 0 0 0 0 0 0 0 0 0 0 0 0 0 0 0 0 0 0 0 0 0 0 
0 0 0 0 0 0 0 0 0 0 0 0 0 0 0 0 0 0 0 0 0 0 0 0 0 0 0 0 0 0 0 0 0 0 0 0 0 0 0 0 0 0 0 0 0 0 0 0 0 0 0 0 0 0 0 0 0 0 0 0 0 0 0 0 0 0 0 0 0 0 0 0 0 0 0 0 0 0 0 0 
0 0 0 0 0 0 0 0 0 0 0 0 0 0 0 0 0 0 0 0 0 0 0 0 0 0 0 0 0 0 0 0 0 0 0 0 0 0 0 0 0 0 0 0 0 0 0 0 0 0 0 0 0 0 0 0 0 0 0 0 0 0 0 0 0 0 0 0 0 0 0 0 0 0 0 0 0 0 0 0 
0 0 0 0 0 0 0 0 0 0 0 0 0 0 0 0 0 0 0 0 0 0 0 0 0 0 0 0 0 0 0 0 0 0 0 0 0 0 0 0 0 0 0 0 0 0 0 0 0 0 0 0 0 0 0 0 0 0 0 0 0 0 0 0 0 0 0 0 0 0 0 0 0 0 0 0 0 0 0 0 
0 0 0 0 0 0 0 0 0 0 0 0 0 0 0 0 0 0 0 0 0 0 0 0 0 0 0 0 0 0 0 0 0 0 0 0 0 0 0 0 0 0 0 0 0 0 0 0 0 0 0 0 0 0 0 0 0 0 0 0 0 0 0 0 0 0 0 0 0 0 0 0 0 0 0 0 0 0 0 0 
0 0 0 0 0 0 0 0 0 0 0 0 0 0 0 0 0 0 0 0 0 0 0 0 0 0 0 0 0 0 0 0 0 0 0 0 0 0 0 0 0 0 0 0 0 0 0 0 0 0 0 0 0 0 0 0 0 0 0 0 0 0 0 0 0 0 0 0 0 0 0 0 0 0 0 0 0 0 0 0 
0 0 0 0 0 0 0 0 0 0 0 0 0 0 0 0 0 0 0 0 0 0 0 0 0 0 0 0 0 0 0 0 0 0 0 0 0 0 0 0 0 0 0 0 0 0 0 0 0 0 0 0 0 0 0 0 0 0 0 0 0 0 0 0 0 0 0 0 0 0 0 0 0 0 0 0 0 0 0 0 
0 0 0 0 0 0 0 0 0 0 0 0 0 0 0 0 0 0 0 0 0 0 0 0 0 0 0 0 0 0 0 0 0 0 0 0 0 0 0 0 0 0 0 0 0 0 0 0 0 0 0 0 0 0 0 0 0 0 0 0 0 0 0 0 0 0 0 0 0 0 0 0 0 0 0 0 0 0 0 0 
0 0 0 0 0 0 0 0 0 0 0 0 0 0 0 0 0 0 0 0 0 0 0 0 0 0 0 0 0 0 0 0 0 0 0 0 0 0 0 0 0 0 0 0 0 0 0 0 0 0 0 0 0 0 0 0 0 0 0 0 0 0 0 0 0 0 0 0 0 0 0 0 0 0 0 0 0 0 0 0 
0 0 0 0 0 0 0 0 0 0 0 0 0 0 0 0 0 0 0 0 0 0 0 0 0 0 0 0 0 0 0 0 0 0 0 0 0 0 0 0 0 0 0 0 0 0 0 0 0 0 0 0 0 0 0 0 0 0 0 0 0 0 0 0 0 0 0 0 0 0 0 0 0 0 0 0 0 0 0 0 
0 0 0 0 0 0 0 0 0 0 0 0 0 0 0 0 0 0 0 0 0 0 0 0 0 0 0 0 0 0 0 0 0 0 0 0 0 0 0 0 0 0 0 0 0 0 0 0 0 0 0 0 0 0 0 0 0 0 0 0 0 0 0 0 0 0 0 0 0 0 0 0 0 0 0 0 0 0 0 0 
0 0 0 0 0 0 0 0 0 0 0 0 0 0 0 0 0 0 0 0 0 0 0 0 0 0 0 0 0 0 0 0 0 0 0 0 0 0 0 0 0 0 0 0 0 0 0 0 0 0 0 0 0 0 0 0 0 0 0 0 0 0 0 0 0 0 0 0 0 0 0 0 0 0 0 0 0 0 0 0 
0 0 0 0 0 0 0 0 0 0 0 0 0 0 0 0 0 0 0 0 0 0 0 0 0 0 0 0 0 0 0 0 0 0 0 0 0 0 0 0 0 0 0 0 0 0 0 0 0 0 0 0 0 0 0 0 0 0 0 0 0 0 0 0 0 0 0 0 0 0 0 0 0 0 0 0 0 0 0 0 
0 0 0 0 0 0 0 0 0 0 0 0 0 0 0 0 0 0 0 0 0 0 0 0 0 0 0 0 0 0 0 0 0 0 0 0 0 0 0 0 0 0 0 0 0 0 0 0 0 0 0 0 0 0 0 0 0 0 0 0 0 0 0 0 0 0 0 0 0 0 0 0 0 0 0 0 0 0 0 0 
0 0 0 0 0 0 0 0 0 0 0 0 0 0 0 0 0 0 0 0 0 0 0 0 0 0 0 0 0 0 0 0 0 0 0 0 0 0 0 0 0 0 0 0 0 0 0 0 0 0 0 0 0 0 0 0 0 0 0 0 0 0 0 0 0 0 0 0 0 0 0 0 0 0 0 0 0 0 0 0 
0 0 0 0 0 0 0 0 0 0 0 0 0 0 0 0 0 0 0 0 0 0 0 0 0 0 0 0 0 0 0 0 0 0 0 0 0 0 0 0 0 0 0 0 0 0 0 0 0 0 0 0 0 0 0 0 0 0 0 0 0 0 0 0 0 0 0 0 0 0 0 0 0 0 0 0 0 0 0 0 
0 0 0 0 0 0 0 0 0 0 0 0 0 0 0 0 0 0 0 0 0 0 0 0 0 0 0 0 0 0 0 0 0 0 0 0 0 0 0 0 0 0 0 0 0 0 0 0 0 0 0 0 0 0 0 0 0 0 0 0 0 0 0 0 0 0 0 0 0 0 0 0 0 0 0 0 0 0 0 0 
0 0 0 0 0 0 0 0 0 0 0 0 0 0 0 0 0 0 0 0 0 0 0 0 0 0 0 0 0 0 0 0 0 0 0 0 0 0 0 0 0 0 0 0 0 0 0 0 0 0 0 0 0 0 0 0 0 0 0 0 0 0 0 0 0 0 0 0 0 0 0 0 0 0 0 0 0 0 0 0 
0 0 0 0 0 0 0 0 0 0 0 0 0 0 0 0 0 0 0 0 0 0 0 0 0 0 0 0 0 0 0 0 0 0 0 0 0 0 0 0 0 0 0 0 0 0 0 0 0 0 0 0 0 0 0 0 0 0 0 0 0 0 0 0 0 0 0 0 0 0 0 0 0 0 0 0 0 0 0 0 
0 0 0 0 0 0 0 0 0 0 0 0 0 0 0 0 0 0 0 0 0 0 0 0 0 0 0 0 0 0 0 0 0 0 0 0 0 0 0 0 0 0 0 0 0 0 0 0 0 0 0 0 0 0 0 0 0 0 0 0 0 0 0 0 0 0 0 0 0 0 0 0 0 0 0 0 0 0 0 0 
0 0 0 0 0 0 0 0 0 0 0 0 0 0 0 0 0 0 0 0 0 0 0 0 0 0 0 0 0 0 0 0 0 0 0 0 0 0 0 0 0 0 0 0 0 0 0 0 0 0 0 0 0 0 0 0 0 0 0 0 0 0 0 0 0 0 0 0 0 0 0 0 0 0 0 0 0 0 0 0 
0 0 0 0 0 0 0 0 0 0 0 0 0 0 0 0 0 0 0 0 0 0 0 0 0 0 0 0 0 0 0 0 0 0 0 0 0 0 0 0 0 0 0 0 0 0 0 0 0 0 0 0 0 0 0 0 0 0 0 0 0 0 0 0 0 0 0 0 0 0 0 0 0 0 0 0 0 0 0 0 
0 0 0 0 0 0 0 0 0 0 0 0 0 0 0 0 0 0 0 0 0 0 0 0 0 0 0 0 0 0 0 0 0 0 0 0 0 0 0 0 0 0 0 0 0 0 0 0 0 0 0 0 0 0 0 0 0 0 0 0 0 0 0 0 0 0 0 0 0 0 0 0 0 0 0 0 0 0 0 0 
0 0 0 0 0 0 0 0 0 0 0 0 0 0 0 0 0 0 0 0 0 0 0 0 0 0 0 0 0 0 0 0 0 0 0 0 0 0 0 0 0 0 0 0 0 0 0 0 0 0 0 0 0 0 0 0 0 0 0 0 0 0 0 0 0 0 0 0 0 0 0 0 0 0 0 0 0 0 0 0 
0 0 0 0 0 0 0 0 0 0 0 0 0 0 0 0 0 0 0 0 0 0 0 0 0 0 0 0 0 0 0 0 0 0 0 0 0 0 0 0 0 0 0 0 0 0 0 0 0 0 0 0 0 0 0 0 0 0 0 0 0 0 0 0 0 0 0 0 0 0 0 0 0 0 0 0 0 0 0 0 
0 0 0 0 0 0 0 0 0 0 0 0 0 0 0 0 0 0 0 0 0 0 0 0 0 0 0 0 0 0 0 0 0 0 0 0 0 0 0 0 0 0 0 0 0 0 0 0 0 0 0 0 0 0 0 0 0 0 0 0 0 0 0 0 0 0 0 0 0 0 0 0 0 0 0 0 0 0 0 0 
0 0 0 0 0 0 0 0 0 0 0 0 0 0 0 0 0 0 0 0 0 0 0 0 0 0 0 0 0 0 0 0 0 0 0 0 0 0 0 0 0 0 0 0 0 0 0 0 0 0 0 0 0 0 0 0 0 0 0 0 0 0 0 0 0 0 0 0 0 0 0 0 0 0 0 0 0 0 0 0 
0 0 0 0 0 0 0 0 0 0 0 0 0 0 0 0 0 0 0 0 0 0 0 0 0 0 0 0 0 0 0 0 0 0 0 0 0 0 0 0 0 0 0 0 0 0 0 0 0 0 0 0 0 0 0 0 0 0 0 0 0 0 0 0 0 0 0 0 0 0 0 0 0 0 0 0 0 0 0 0 
0 0 0 0 0 0 0 0 0 0 0 0 0 0 0 0 0 0 0 0 0 0 0 0 0 0 0 0 0 0 0 0 0 0 0 0 0 0 0 0 0 0 0 0 0 0 0 0 0 0 0 0 0 0 0 0 0 0 0 0 0 0 0 0 0 0 0 0 0 0 0 0 0 0 0 0 0 0 0 0 
0 0 0 0 0 0 0 0 0 0 0 0 0 0 0 0 0 0 0 0 0 0 0 0 0 0 0 0 0 0 0 0 0 0 0 0 0 0 0 0 0 0 0 0 0 0 0 0 0 0 0 0 0 0 0 0 0 0 0 0 0 0 0 0 0 0 0 0 0 0 0 0 0 0 0 0 0 0 0 0 
0 0 0 0 0 0 0 0 0 0 0 0 0 0 0 0 0 0 0 0 0 0 0 0 0 0 0 0 0 0 0 0 0 0 0 0 0 0 0 0 0 0 0 0 0 0 0 0 0 0 0 0 0 0 0 0 0 0 0 0 0 0 0 0 0 0 0 0 0 0 0 0 0 0 0 0 0 0 0 0 
0 0 0 0 0 0 0 0 0 0 0 0 0 0 0 0 0 0 0 0 0 0 0 0 0 0 0 0 0 0 0 0 0 0 0 0 0 0 0 0 0 0 0 0 0 0 0 0 0 0 0 0 0 0 0 0 0 0 0 0 0 0 0 0 0 0 0 0 0 0 0 0 0 0 0 0 0 0 0 0 
0 0 0 0 0 0 0 0 0 0 0 0 0 0 0 0 0 0 0 0 0 0 0 0 0 0 0 0 0 0 0 0 0 0 0 0 0 0 0 0 0 0 0 0 0 0 0 0 0 0 0 0 0 0 0 0 0 0 0 0 0 0 0 0 0 0 0 0 0 0 0 0 0 0 0 0 0 0 0 0 
0 0 0 0 0 0 0 0 0 0 0 0 0 0 0 0 0 0 0 0 0 0 0 0 0 0 0 0 0 0 0 0 0 0 0 0 0 0 0 0 0 0 0 0 0 0 0 0 0 0 0 0 0 0 0 0 0 0 0 0 0 0 0 0 0 0 0 0 0 0 0 0 0 0 0 0 0 0 0 0 
0 0 0 0 0 0 0 0 0 0 0 0 0 0 0 0 0 0 0 0 0 0 0 0 0 0 0 0 0 0 0 0 0 0 0 0 0 0 0 0 0 0 0 0 0 0 0 0 0 0 0 0 0 0 0 0 0 0 0 0 0 0 0 0 0 0 0 0 0 0 0 0 0 0 0 0 0 0 0 0 
0 0 0 0 0 0 0 0 0 0 0 0 0 0 0 0 0 0 0 0 0 0 0 0 0 0 0 0 0 0 0 0 0 0 0 0 0 0 0 0 0 0 0 0 0 0 0 0 0 0 0 0 0 0 0 0 0 0 0 0 0 0 0 0 0 0 0 0 0 0 0 0 0 0 0 0 0 0 0 0 
0 0 0 0 0 0 0 0 0 0 0 0 0 0 0 0 0 0 0 0 0 0 0 0 0 0 0 0 0 0 0 0 0 0 0 0 0 0 0 0 0 0 0 0 0 0 0 0 0 0 0 0 0 0 0 0 0 0 0 0 0 0 0 0 0 0 0 0 0 0 0 0 0 0 0 0 0 0 0 0 
0 0 0 0 0 0 0 0 0 0 0 0 0 0 0 0 0 0 0 0 0 0 0 0 0 0 0 0 0 0 0 0 0 0 0 0 0 0 0 0 0 0 0 0 0 0 0 0 0 0 0 0 0 0 0 0 0 0 0 0 0 0 0 0 0 0 0 0 0 0 0 0 0 0 0 0 0 0 0 0 
1 1 1 1 1 1 1 1 1 1 1 1 1 1 1 1 1 1 1 1 1 1 1 1 1 1 1 1 1 1 1 1 1 1 1 1 1 1 1 1 1 1 1 1 1 1 1 1 1 1 1 1 1 1 1 1 1 1 1 1 1 1 1 1 1 1 1 1 1 1 1 1 1 1 1 1 1 1 1 1 
61 50 55 68 79 58 66 75 88 82 59 83 61 91 67 63 93 80 56 93 52 83 91 100 64 71 70 73 82 56 71 67 82 77 85 60 59 75 59 71 81 93 53 92 84 70 80 76 74 86 94 76 69 84 100 57 54 70 80 60 50 75 77 82 51 86 66 85 61 50 55 92 93 83 58 76 77 88 77 50 73 70 50 66 78 75 73 82 95 77 67 69 77 94 76 78 80 66 88 65 66 93 56 59 50 64 59 77 76 86 52 74 55 77 90 83 51 88 90 70 89 56 90 65 74 90 68 53 55 55 68 72 72 100 81 72 88 64 100 64 50 76 62 55 52 51 63 54 63 52 74 52 83 63 92 56 52 59 85 26 
1 1 1 1 1 1 1 1 1 1 1 1 1 1 1 1 1 1 1 1 1 1 1 1 1 1 1 1 1 1 1 1 1 1 1 1 1 1 1 1 1 1 1 1 1 1 1 1 1 1 1 1 1 1 1 1 1 1 1 1 1 1 1 1 1 1 1 1 1 1 1 1 1 1 1 1 1 1 1 1 1 1 1 1 1 1 1 1 1 1 1 1 1 1 1 1 1 1 1 1 1 1 1 1 1 1 1 1 1 1 1 1 1 1 1 1 1 1 1 1 1 1 1 1 1 1 1 1 1 1 1 1 1 1 1 1 1 1 1 1 1 1 1 1 1 1 1 1 1 1 1 1 1 1 1 1 1 1 1 1 
